time	nti	nthot	ntcold	nte	n0hot	n0cold	En_ion	Whot1	Whot2	Whot	Wcold	temp	Tc	En_elec	En_delta	vmax	vfinal
    0.00	 500.00000	 500.00002	   0.00000	 500.00002	   1.00000	   0.00000	   0.00000	   0.00000	   0.00000	   0.00000	   0.00000	   1.00000	   0.00100	   1.08314	   1.08314	   0.00000	   0.00000
    0.20	 500.00000	 500.00002	   0.00000	 500.00002	   1.00000	   0.00000	   0.00900	   0.00000	   0.00000	   0.00000	   0.00000	   0.99997	   0.00100	   1.08085	   1.08984	   0.17132	   0.34224
    0.40	 500.00000	 500.00002	   0.00000	 500.00002	   1.00000	   0.00000	   0.03581	   0.00000	   0.00000	   0.00000	   0.00000	   0.99990	   0.00100	   1.07407	   1.10988	   0.34146	   0.67960
    0.60	 500.00000	 500.00002	   0.00000	 500.00002	   1.00000	   0.00000	   0.07987	   0.00000	   0.00000	   0.00000	   0.00000	   0.99977	   0.00100	   1.06311	   1.14298	   0.50918	   1.00747
    0.80	 500.00000	 500.00002	   0.00000	 500.00002	   1.00000	   0.00000	   0.14032	   0.00000	   0.00000	   0.00000	   0.00000	   0.99959	   0.00100	   1.04843	   1.18875	   0.67344	   1.32213
    1.00	 500.00000	 500.00002	   0.00000	 500.00002	   1.00000	   0.00000	   0.21603	   0.00000	   0.00000	   0.00000	   0.00000	   0.99936	   0.00100	   1.03058	   1.24662	   0.83336	   1.62083
    1.20	 500.00000	 500.00002	   0.00000	 500.00002	   1.00000	   0.00000	   0.30573	   0.00000	   0.00000	   0.00000	   0.00000	   0.99909	   0.00100	   1.01020	   1.31593	   0.98831	   1.90189
    1.40	 500.00000	 500.00002	   0.00000	 500.00002	   1.00000	   0.00000	   0.40804	   0.00000	   0.00000	   0.00000	   0.00000	   0.99878	   0.00100	   0.98789	   1.39593	   1.13782	   2.16455
    1.60	 500.00000	 500.00001	   0.00000	 500.00001	   1.00000	   0.00000	   0.52159	   0.00000	   0.00000	   0.00000	   0.00000	   0.99843	   0.00100	   0.96424	   1.48583	   1.28164	   2.40887
    1.80	 500.00000	 500.00001	   0.00000	 500.00001	   1.00000	   0.00000	   0.64504	   0.00000	   0.00000	   0.00000	   0.00000	   0.99804	   0.00100	   0.93977	   1.58481	   1.41964	   2.63547
    2.00	 500.00000	 500.00001	   0.00000	 500.00001	   1.00000	   0.00000	   0.77715	   0.00000	   0.00000	   0.00000	   0.00000	   0.99762	   0.00100	   0.91491	   1.69206	   1.55185	   2.84535
    2.20	 500.00000	 500.00001	   0.00000	 500.00001	   1.00000	   0.00000	   0.91677	   0.00000	   0.00000	   0.00000	   0.00000	   0.99717	   0.00100	   0.89002	   1.80680	   1.67839	   3.03974
    2.40	 500.00000	 500.00001	   0.00000	 500.00001	   1.00000	   0.00000	   1.06289	   0.00000	   0.00000	   0.00000	   0.00000	   0.99669	   0.00100	   0.86538	   1.92827	   1.79943	   3.21995
    2.60	 500.00000	 500.00001	   0.00000	 500.00001	   1.00000	   0.00000	   1.21459	   0.00000	   0.00000	   0.00000	   0.00000	   0.99619	   0.00100	   0.84121	   2.05579	   1.91521	   3.38731
    2.80	 500.00000	 500.00000	   0.00000	 500.00000	   1.00000	   0.00000	   1.37108	   0.00000	   0.00000	   0.00000	   0.00000	   0.99566	   0.00100	   0.81765	   2.18873	   2.02598	   3.54307
    3.00	 500.00000	 500.00000	   0.00000	 500.00000	   1.00000	   0.00000	   1.53170	   0.00000	   0.00000	   0.00000	   0.00000	   0.99512	   0.00100	   0.79480	   2.32650	   2.13200	   3.68840
    3.20	 500.00000	 500.00000	   0.00000	 500.00000	   1.00000	   0.00000	   1.69585	   0.00000	   0.00000	   0.00000	   0.00000	   0.99456	   0.00100	   0.77273	   2.46858	   2.23356	   3.82435
    3.40	 500.00000	 500.00000	   0.00000	 500.00000	   1.00000	   0.00000	   1.86303	   0.00000	   0.00000	   0.00000	   0.00000	   0.99398	   0.00100	   0.75147	   2.61450	   2.33092	   3.95188
    3.60	 500.00000	 500.00000	   0.00000	 500.00000	   1.00000	   0.00000	   2.03282	   0.00000	   0.00000	   0.00000	   0.00000	   0.99339	   0.00100	   0.73104	   2.76386	   2.42433	   4.07184
    3.80	 500.00000	 500.00000	   0.00000	 500.00000	   1.00000	   0.00000	   2.20485	   0.00000	   0.00000	   0.00000	   0.00000	   0.99278	   0.00100	   0.71143	   2.91628	   2.51403	   4.18496
    4.00	 500.00000	 500.00000	   0.00000	 500.00000	   1.00000	   0.00000	   2.37882	   0.00000	   0.00000	   0.00000	   0.00000	   0.99217	   0.00100	   0.69263	   3.07144	   2.60027	   4.29190
    4.20	 500.00000	 499.99999	   0.00000	 499.99999	   1.00000	   0.00000	   2.55444	   0.00000	   0.00000	   0.00000	   0.00000	   0.99154	   0.00100	   0.67460	   3.22905	   2.68325	   4.39325
    4.40	 500.00000	 499.99999	   0.00000	 499.99999	   1.00000	   0.00000	   2.73151	   0.00000	   0.00000	   0.00000	   0.00000	   0.99091	   0.00100	   0.65733	   3.38884	   2.76317	   4.48950
    4.60	 500.00000	 499.99999	   0.00000	 499.99999	   1.00000	   0.00000	   2.90982	   0.00000	   0.00000	   0.00000	   0.00000	   0.99027	   0.00100	   0.64078	   3.55060	   2.84023	   4.58111
    4.80	 500.00000	 499.99999	   0.00000	 499.99999	   1.00000	   0.00000	   3.08920	   0.00000	   0.00000	   0.00000	   0.00000	   0.98962	   0.00100	   0.62492	   3.71412	   2.91459	   4.66846
    5.00	 500.00000	 499.99999	   0.00000	 499.99999	   1.00000	   0.00000	   3.26951	   0.00000	   0.00000	   0.00000	   0.00000	   0.98896	   0.00100	   0.60971	   3.87922	   2.98642	   4.75191
    5.20	 500.00000	 499.99999	   0.00000	 499.99999	   1.00000	   0.00000	   3.45061	   0.00000	   0.00000	   0.00000	   0.00000	   0.98830	   0.00100	   0.59512	   4.04574	   3.05586	   4.83176
    5.40	 500.00000	 499.99999	   0.00000	 499.99999	   1.00000	   0.00000	   3.63241	   0.00000	   0.00000	   0.00000	   0.00000	   0.98763	   0.00100	   0.58113	   4.21354	   3.12306	   4.90828
    5.60	 500.00000	 499.99999	   0.00000	 499.99999	   1.00000	   0.00000	   3.81480	   0.00000	   0.00000	   0.00000	   0.00000	   0.98696	   0.00100	   0.56769	   4.38249	   3.18813	   4.98172
    5.80	 500.00000	 499.99999	   0.00000	 499.99999	   1.00000	   0.00000	   3.99770	   0.00000	   0.00000	   0.00000	   0.00000	   0.98628	   0.00100	   0.55478	   4.55248	   3.25120	   5.05231
    6.00	 500.00000	 499.99999	   0.00000	 499.99999	   1.00000	   0.00000	   4.18102	   0.00000	   0.00000	   0.00000	   0.00000	   0.98560	   0.00100	   0.54237	   4.72339	   3.31237	   5.12022
    6.20	 500.00000	 499.99999	   0.00000	 499.99999	   1.00000	   0.00000	   4.36472	   0.00000	   0.00000	   0.00000	   0.00000	   0.98492	   0.00100	   0.53043	   4.89515	   3.37175	   5.18565
    6.40	 500.00000	 499.99998	   0.00000	 499.99998	   1.00000	   0.00000	   4.54871	   0.00000	   0.00000	   0.00000	   0.00000	   0.98423	   0.00100	   0.51895	   5.06766	   3.42942	   5.24875
    6.60	 500.00000	 499.99998	   0.00000	 499.99998	   1.00000	   0.00000	   4.73296	   0.00000	   0.00000	   0.00000	   0.00000	   0.98354	   0.00100	   0.50788	   5.24085	   3.48548	   5.30967
    6.80	 500.00000	 499.99998	   0.00000	 499.99998	   1.00000	   0.00000	   4.91742	   0.00000	   0.00000	   0.00000	   0.00000	   0.98284	   0.00100	   0.49722	   5.41464	   3.54000	   5.36854
    7.00	 500.00000	 499.99998	   0.00000	 499.99998	   1.00000	   0.00000	   5.10204	   0.00000	   0.00000	   0.00000	   0.00000	   0.98215	   0.00100	   0.48694	   5.58898	   3.59305	   5.42547
    7.20	 500.00000	 499.99998	   0.00000	 499.99998	   1.00000	   0.00000	   5.28678	   0.00000	   0.00000	   0.00000	   0.00000	   0.98145	   0.00100	   0.47703	   5.76381	   3.64472	   5.48059
    7.40	 500.00000	 499.99998	   0.00000	 499.99998	   1.00000	   0.00000	   5.47161	   0.00000	   0.00000	   0.00000	   0.00000	   0.98075	   0.00100	   0.46746	   5.93907	   3.69506	   5.53398
    7.60	 500.00000	 499.99998	   0.00000	 499.99998	   1.00000	   0.00000	   5.65650	   0.00000	   0.00000	   0.00000	   0.00000	   0.98005	   0.00100	   0.45821	   6.11471	   3.74414	   5.58575
    7.80	 500.00000	 499.99998	   0.00000	 499.99998	   1.00000	   0.00000	   5.84142	   0.00000	   0.00000	   0.00000	   0.00000	   0.97935	   0.00100	   0.44927	   6.29070	   3.79200	   5.63597
    8.00	 500.00000	 499.99998	   0.00000	 499.99998	   1.00000	   0.00000	   6.02635	   0.00000	   0.00000	   0.00000	   0.00000	   0.97865	   0.00100	   0.44063	   6.46699	   3.83871	   5.68474
    8.20	 500.00000	 499.99998	   0.00000	 499.99998	   1.00000	   0.00000	   6.21126	   0.00000	   0.00000	   0.00000	   0.00000	   0.97794	   0.00100	   0.43228	   6.64354	   3.88431	   5.73211
    8.40	 500.00000	 499.99998	   0.00000	 499.99998	   1.00000	   0.00000	   6.39613	   0.00000	   0.00000	   0.00000	   0.00000	   0.97723	   0.00100	   0.42418	   6.82031	   3.92886	   5.77816
    8.60	 500.00000	 499.99998	   0.00000	 499.99998	   1.00000	   0.00000	   6.58094	   0.00000	   0.00000	   0.00000	   0.00000	   0.97653	   0.00100	   0.41635	   6.99729	   3.97239	   5.82295
    8.80	 500.00000	 499.99998	   0.00000	 499.99998	   1.00000	   0.00000	   6.76568	   0.00000	   0.00000	   0.00000	   0.00000	   0.97582	   0.00100	   0.40876	   7.17443	   4.01494	   5.86654
    9.00	 500.00000	 499.99998	   0.00000	 499.99998	   1.00000	   0.00000	   6.95032	   0.00000	   0.00000	   0.00000	   0.00000	   0.97511	   0.00100	   0.40140	   7.35171	   4.05656	   5.90898
    9.20	 500.00000	 499.99998	   0.00000	 499.99998	   1.00000	   0.00000	   7.13485	   0.00000	   0.00000	   0.00000	   0.00000	   0.97440	   0.00100	   0.39426	   7.52911	   4.09728	   5.95033
    9.40	 500.00000	 499.99998	   0.00000	 499.99998	   1.00000	   0.00000	   7.31927	   0.00000	   0.00000	   0.00000	   0.00000	   0.97369	   0.00100	   0.38733	   7.70660	   4.13714	   5.99062
    9.60	 500.00000	 499.99998	   0.00000	 499.99998	   1.00000	   0.00000	   7.50355	   0.00000	   0.00000	   0.00000	   0.00000	   0.97298	   0.00100	   0.38061	   7.88416	   4.17616	   6.02992
    9.80	 500.00000	 499.99997	   0.00000	 499.99997	   1.00000	   0.00000	   7.68768	   0.00000	   0.00000	   0.00000	   0.00000	   0.97227	   0.00100	   0.37408	   8.06176	   4.21438	   6.06826
   10.00	 500.00000	 499.99997	   0.00000	 499.99997	   1.00000	   0.00000	   7.87166	   0.00000	   0.00000	   0.00000	   0.00000	   0.97156	   0.00100	   0.36774	   8.23940	   4.25183	   6.10567
