time	cs(0)	csmoyen	x_rar	Te(x=0)	vte(x=0)
    0.00	 1.0000	 1.0000	   0.000	1.00000	1.00000
    0.20	 1.0000	 1.0000	   0.200	0.99997	0.99999
    0.40	 1.0001	 1.0000	   0.400	0.99990	0.99995
    0.60	 1.0001	 1.0001	   0.600	0.99977	0.99988
    0.80	 1.0002	 1.0001	   0.800	0.99959	0.99980
    1.00	 1.0003	 1.0001	   1.000	0.99936	0.99968
    1.20	 1.0005	 1.0002	   1.200	0.99909	0.99955
    1.40	 1.0006	 1.0002	   1.400	0.99878	0.99939
    1.60	 1.0007	 1.0003	   1.600	0.99843	0.99922
    1.80	 1.0009	 1.0003	   1.801	0.99805	0.99902
    2.00	 1.0010	 1.0004	   2.001	0.99763	0.99881
    2.20	 1.0011	 1.0005	   2.201	0.99718	0.99859
    2.40	 1.0013	 1.0005	   2.401	0.99670	0.99835
    2.60	 1.0014	 1.0006	   2.602	0.99620	0.99810
    2.80	 1.0015	 1.0006	   2.802	0.99568	0.99784
    3.00	 1.0017	 1.0007	   3.002	0.99514	0.99757
    3.20	 1.0018	 1.0008	   3.202	0.99458	0.99729
    3.40	 1.0020	 1.0008	   3.403	0.99401	0.99700
    3.60	 1.0021	 1.0009	   3.603	0.99343	0.99671
    3.80	 1.0022	 1.0010	   3.804	0.99283	0.99641
    4.00	 1.0024	 1.0010	   4.004	0.99222	0.99610
    4.20	 1.0025	 1.0011	   4.205	0.99160	0.99579
    4.40	 1.0027	 1.0012	   4.405	0.99098	0.99548
    4.60	 1.0028	 1.0012	   4.606	0.99034	0.99516
    4.80	 1.0029	 1.0013	   4.806	0.98970	0.99484
    5.00	 1.0031	 1.0014	   5.007	0.98905	0.99451
    5.20	 1.0032	 1.0014	   5.208	0.98840	0.99418
    5.40	 1.0033	 1.0015	   5.408	0.98774	0.99385
    5.60	 1.0035	 1.0016	   5.609	0.98708	0.99352
    5.80	 1.0036	 1.0016	   5.810	0.98642	0.99319
    6.00	 1.0037	 1.0017	   6.010	0.98575	0.99285
    6.20	 1.0039	 1.0018	   6.211	0.98508	0.99251
    6.40	 1.0040	 1.0018	   6.412	0.98441	0.99217
    6.60	 1.0042	 1.0019	   6.613	0.98373	0.99183
    6.80	 1.0043	 1.0020	   6.814	0.98305	0.99149
    7.00	 1.0044	 1.0021	   7.014	0.98237	0.99115
    7.20	 1.0046	 1.0021	   7.215	0.98169	0.99080
    7.40	 1.0047	 1.0022	   7.416	0.98101	0.99046
    7.60	 1.0048	 1.0023	   7.617	0.98033	0.99012
    7.80	 1.0050	 1.0023	   7.818	0.97964	0.98977
    8.00	 1.0051	 1.0024	   8.019	0.97896	0.98942
    8.20	 1.0052	 1.0025	   8.220	0.97828	0.98908
    8.40	 1.0054	 1.0025	   8.421	0.97759	0.98873
    8.60	 1.0055	 1.0026	   8.622	0.97690	0.98838
    8.80	 1.0056	 1.0027	   8.823	0.97622	0.98804
    9.00	 1.0058	 1.0027	   9.025	0.97553	0.98769
    9.20	 1.0059	 1.0028	   9.226	0.97485	0.98734
    9.40	 1.0061	 1.0029	   9.427	0.97416	0.98700
    9.60	 1.0062	 1.0029	   9.628	0.97348	0.98665
    9.80	 1.0063	 1.0030	   9.829	0.97279	0.98630
   10.00	 1.0065	 1.0031	  10.031	0.97211	0.98595
