time	Emax	vmax	vfinal	vfinal2	slop	temp	temphot	tempcold
    0.00	 0.85776E+00	 0.00000E+00	 0.00000E+00	 0.00000E+00	 0.00000E+00	 0.10000E+01	 0.10000E+01	 0.00000E+00
    0.20	 0.85461E+00	 0.17132E+00	 0.34224E+00	 0.34224E+00	 0.00000E+00	 0.99997E+00	 0.99997E+00	 0.00000E+00
    0.40	 0.84533E+00	 0.34146E+00	 0.67960E+00	 0.67960E+00	 0.00000E+00	 0.99990E+00	 0.99990E+00	 0.00000E+00
    0.60	 0.83048E+00	 0.50918E+00	 0.10075E+01	 0.10075E+01	 0.00000E+00	 0.99977E+00	 0.99977E+00	 0.00000E+00
    0.80	 0.81086E+00	 0.67344E+00	 0.13221E+01	 0.13221E+01	 0.00000E+00	 0.99959E+00	 0.99959E+00	 0.00000E+00
    1.00	 0.78747E+00	 0.83336E+00	 0.16208E+01	 0.16208E+01	 0.00000E+00	 0.99936E+00	 0.99936E+00	 0.00000E+00
    1.20	 0.76131E+00	 0.98831E+00	 0.19019E+01	 0.19019E+01	 0.00000E+00	 0.99909E+00	 0.99909E+00	 0.00000E+00
    1.40	 0.73338E+00	 0.11378E+01	 0.21646E+01	 0.21646E+01	 0.00000E+00	 0.99878E+00	 0.99878E+00	 0.00000E+00
    1.60	 0.70452E+00	 0.12816E+01	 0.24089E+01	 0.24089E+01	 0.00000E+00	 0.99843E+00	 0.99843E+00	 0.00000E+00
    1.80	 0.67546E+00	 0.14196E+01	 0.26355E+01	 0.26355E+01	 0.00000E+00	 0.99804E+00	 0.99804E+00	 0.00000E+00
    2.00	 0.64675E+00	 0.15519E+01	 0.28453E+01	 0.28453E+01	 0.00000E+00	 0.99762E+00	 0.99762E+00	 0.00000E+00
    2.20	 0.61880E+00	 0.16784E+01	 0.30397E+01	 0.30397E+01	 0.00000E+00	 0.99717E+00	 0.99717E+00	 0.00000E+00
    2.40	 0.59189E+00	 0.17994E+01	 0.32200E+01	 0.32200E+01	 0.00000E+00	 0.99669E+00	 0.99669E+00	 0.00000E+00
    2.60	 0.56620E+00	 0.19152E+01	 0.33873E+01	 0.33873E+01	 0.00000E+00	 0.99619E+00	 0.99619E+00	 0.00000E+00
    2.80	 0.54182E+00	 0.20260E+01	 0.35431E+01	 0.35431E+01	 0.00000E+00	 0.99566E+00	 0.99566E+00	 0.00000E+00
    3.00	 0.51880E+00	 0.21320E+01	 0.36884E+01	 0.36884E+01	 0.00000E+00	 0.99512E+00	 0.99512E+00	 0.00000E+00
    3.20	 0.49712E+00	 0.22336E+01	 0.38244E+01	 0.38244E+01	 0.00000E+00	 0.99456E+00	 0.99456E+00	 0.00000E+00
    3.40	 0.47675E+00	 0.23309E+01	 0.39519E+01	 0.39519E+01	 0.00000E+00	 0.99398E+00	 0.99398E+00	 0.00000E+00
    3.60	 0.45764E+00	 0.24243E+01	 0.40718E+01	 0.40718E+01	 0.00000E+00	 0.99339E+00	 0.99339E+00	 0.00000E+00
    3.80	 0.43972E+00	 0.25140E+01	 0.41850E+01	 0.41850E+01	 0.00000E+00	 0.99278E+00	 0.99278E+00	 0.00000E+00
    4.00	 0.42291E+00	 0.26003E+01	 0.42919E+01	 0.42919E+01	 0.00000E+00	 0.99217E+00	 0.99217E+00	 0.00000E+00
    4.20	 0.40714E+00	 0.26832E+01	 0.43932E+01	 0.43932E+01	 0.00000E+00	 0.99154E+00	 0.99154E+00	 0.00000E+00
    4.40	 0.39235E+00	 0.27632E+01	 0.44895E+01	 0.44895E+01	 0.00000E+00	 0.99091E+00	 0.99091E+00	 0.00000E+00
    4.60	 0.37845E+00	 0.28402E+01	 0.45811E+01	 0.45811E+01	 0.00000E+00	 0.99027E+00	 0.99027E+00	 0.00000E+00
    4.80	 0.36539E+00	 0.29146E+01	 0.46685E+01	 0.46685E+01	 0.00000E+00	 0.98962E+00	 0.98962E+00	 0.00000E+00
    5.00	 0.35310E+00	 0.29864E+01	 0.47519E+01	 0.47519E+01	 0.00000E+00	 0.98896E+00	 0.98896E+00	 0.00000E+00
    5.20	 0.34152E+00	 0.30559E+01	 0.48318E+01	 0.48318E+01	 0.00000E+00	 0.98830E+00	 0.98830E+00	 0.00000E+00
    5.40	 0.33060E+00	 0.31231E+01	 0.49083E+01	 0.49083E+01	 0.00000E+00	 0.98763E+00	 0.98763E+00	 0.00000E+00
    5.60	 0.32028E+00	 0.31881E+01	 0.49817E+01	 0.49817E+01	 0.00000E+00	 0.98696E+00	 0.98696E+00	 0.00000E+00
    5.80	 0.31054E+00	 0.32512E+01	 0.50523E+01	 0.50523E+01	 0.00000E+00	 0.98628E+00	 0.98628E+00	 0.00000E+00
    6.00	 0.30131E+00	 0.33124E+01	 0.51202E+01	 0.51202E+01	 0.00000E+00	 0.98560E+00	 0.98560E+00	 0.00000E+00
    6.20	 0.29257E+00	 0.33717E+01	 0.51857E+01	 0.51857E+01	 0.00000E+00	 0.98492E+00	 0.98492E+00	 0.00000E+00
    6.40	 0.28427E+00	 0.34294E+01	 0.52488E+01	 0.52488E+01	 0.00000E+00	 0.98423E+00	 0.98423E+00	 0.00000E+00
    6.60	 0.27639E+00	 0.34855E+01	 0.53097E+01	 0.53097E+01	 0.00000E+00	 0.98354E+00	 0.98354E+00	 0.00000E+00
    6.80	 0.26890E+00	 0.35400E+01	 0.53685E+01	 0.53685E+01	 0.00000E+00	 0.98284E+00	 0.98284E+00	 0.00000E+00
    7.00	 0.26177E+00	 0.35931E+01	 0.54255E+01	 0.54255E+01	 0.00000E+00	 0.98215E+00	 0.98215E+00	 0.00000E+00
    7.20	 0.25498E+00	 0.36447E+01	 0.54806E+01	 0.54806E+01	 0.00000E+00	 0.98145E+00	 0.98145E+00	 0.00000E+00
    7.40	 0.24850E+00	 0.36951E+01	 0.55340E+01	 0.55340E+01	 0.00000E+00	 0.98075E+00	 0.98075E+00	 0.00000E+00
    7.60	 0.24232E+00	 0.37441E+01	 0.55857E+01	 0.55857E+01	 0.00000E+00	 0.98005E+00	 0.98005E+00	 0.00000E+00
    7.80	 0.23641E+00	 0.37920E+01	 0.56360E+01	 0.56360E+01	 0.00000E+00	 0.97935E+00	 0.97935E+00	 0.00000E+00
    8.00	 0.23075E+00	 0.38387E+01	 0.56847E+01	 0.56847E+01	 0.00000E+00	 0.97865E+00	 0.97865E+00	 0.00000E+00
    8.20	 0.22534E+00	 0.38843E+01	 0.57321E+01	 0.57321E+01	 0.00000E+00	 0.97794E+00	 0.97794E+00	 0.00000E+00
    8.40	 0.22015E+00	 0.39289E+01	 0.57782E+01	 0.57782E+01	 0.00000E+00	 0.97723E+00	 0.97723E+00	 0.00000E+00
    8.60	 0.21518E+00	 0.39724E+01	 0.58229E+01	 0.58229E+01	 0.00000E+00	 0.97653E+00	 0.97653E+00	 0.00000E+00
    8.80	 0.21041E+00	 0.40149E+01	 0.58665E+01	 0.58665E+01	 0.00000E+00	 0.97582E+00	 0.97582E+00	 0.00000E+00
    9.00	 0.20582E+00	 0.40566E+01	 0.59090E+01	 0.59090E+01	 0.00000E+00	 0.97511E+00	 0.97511E+00	 0.00000E+00
    9.20	 0.20142E+00	 0.40973E+01	 0.59503E+01	 0.59503E+01	 0.00000E+00	 0.97440E+00	 0.97440E+00	 0.00000E+00
    9.40	 0.19718E+00	 0.41371E+01	 0.59906E+01	 0.59906E+01	 0.00000E+00	 0.97369E+00	 0.97369E+00	 0.00000E+00
    9.60	 0.19310E+00	 0.41762E+01	 0.60299E+01	 0.60299E+01	 0.00000E+00	 0.97298E+00	 0.97298E+00	 0.00000E+00
    9.80	 0.18917E+00	 0.42144E+01	 0.60683E+01	 0.60683E+01	 0.00000E+00	 0.97227E+00	 0.97227E+00	 0.00000E+00
   10.00	 0.18538E+00	 0.42518E+01	 0.61057E+01	 0.61057E+01	 0.00000E+00	 0.97156E+00	 0.97156E+00	 0.00000E+00
