time	xi	v(ivmax)	Energy_max	E(ivmax)	ne(ivmax)	ni(ivmax)	ni(0)	nhot(0)	ncold(0)	lDebye
    0.00	    -0.00000	 0.0000	  0.0000	0.85776	 0.3678794	 1.0000000	1.000000	1.000000	0.000000	   1.64872
    0.20	     0.01716	 0.1713	  0.0147	0.85461	 0.3651894	 0.9875156	1.000000	1.000000	0.000000	   1.65478
    0.40	     0.06849	 0.3415	  0.0583	0.84533	 0.3573401	 0.9519356	1.000000	1.000000	0.000000	   1.67286
    0.60	     0.15365	 0.5092	  0.1296	0.83048	 0.3449511	 0.8982067	1.000000	1.000000	0.000000	   1.70263
    0.80	     0.27202	 0.6734	  0.2268	0.81086	 0.3289283	 0.8327727	1.000000	1.000000	0.000000	   1.74361
    1.00	     0.42283	 0.8334	  0.3472	0.78747	 0.3103164	 0.7619097	1.000000	1.000000	0.000000	   1.79514
    1.20	     0.60513	 0.9883	  0.4884	0.76131	 0.2901550	 0.6906696	1.000000	1.000000	0.000000	   1.85646
    1.40	     0.81789	 1.1378	  0.6473	0.73338	 0.2693718	 0.6224942	1.000000	1.000000	0.000000	   1.92674
    1.60	     1.05998	 1.2816	  0.8213	0.70452	 0.2487194	 0.5593766	1.000000	1.000000	0.000000	   2.00514
    1.80	     1.33025	 1.4196	  1.0077	0.67546	 0.2287567	 0.5022140	1.000000	1.000000	0.000000	   2.09080
    2.00	     1.62755	 1.5519	  1.2041	0.64675	 0.2098597	 0.4511738	1.000000	1.000000	0.000000	   2.18291
    2.20	     1.95071	 1.6784	  1.4085	0.61880	 0.1922507	 0.4059936	1.000000	1.000000	0.000000	   2.28069
    2.40	     2.29862	 1.7994	  1.6190	0.59189	 0.1760320	 0.3661925	1.000000	1.000000	0.000000	   2.38344
    2.60	     2.67021	 1.9152	  1.8340	0.56620	 0.1612201	 0.3312050	1.000000	1.000000	0.000000	   2.49052
    2.80	     3.06445	 2.0260	  2.0523	0.54182	 0.1477739	 0.3004561	1.000000	1.000000	0.000000	   2.60136
    3.00	     3.48036	 2.1320	  2.2727	0.51880	 0.1356155	 0.2734036	1.000000	1.000000	0.000000	   2.71547
    3.20	     3.91702	 2.2336	  2.4944	0.49712	 0.1246501	 0.2495585	1.000000	1.000000	0.000000	   2.83239
    3.40	     4.37357	 2.3309	  2.7166	0.47675	 0.1147716	 0.2284885	1.000000	1.000000	0.000000	   2.95177
    3.60	     4.84918	 2.4243	  2.9387	0.45764	 0.1058768	 0.2098191	1.000000	1.000000	0.000000	   3.07326
    3.80	     5.34310	 2.5140	  3.1602	0.43972	 0.0978645	 0.1932275	1.000000	1.000000	0.000000	   3.19659
    4.00	     5.85462	 2.6003	  3.3807	0.42291	 0.0906402	 0.1784369	1.000000	1.000000	0.000000	   3.32154
    4.20	     6.38304	 2.6832	  3.5999	0.40714	 0.0841197	 0.1652109	1.000000	1.000000	0.000000	   3.44787
    4.40	     6.92776	 2.7632	  3.8176	0.39235	 0.0782241	 0.1533471	1.000000	1.000000	0.000000	   3.57544
    4.60	     7.48816	 2.8402	  4.0334	0.37845	 0.0728841	 0.1426730	1.000000	1.000000	0.000000	   3.70411
    4.80	     8.06371	 2.9146	  4.2474	0.36539	 0.0680393	 0.1330410	1.000000	1.000000	0.000000	   3.83372
    5.00	     8.65387	 2.9864	  4.4594	0.35310	 0.0636345	 0.1243244	1.000000	1.000000	0.000000	   3.96418
    5.20	     9.25815	 3.0559	  4.6692	0.34152	 0.0596212	 0.1164145	1.000000	1.000000	0.000000	   4.09543
    5.40	     9.87610	 3.1231	  4.8767	0.33060	 0.0559574	 0.1092176	1.000000	1.000000	0.000000	   4.22738
    5.60	    10.50727	 3.1881	  5.0821	0.32028	 0.0526069	 0.1026529	1.000000	1.000000	0.000000	   4.35992
    5.80	    11.15125	 3.2512	  5.2852	0.31054	 0.0495357	 0.0966501	1.000000	1.000000	0.000000	   4.49305
    6.00	    11.80765	 3.3124	  5.4859	0.30131	 0.0467148	 0.0911482	1.000000	1.000000	0.000000	   4.62672
    6.20	    12.47611	 3.3717	  5.6843	0.29257	 0.0441190	 0.0860942	1.000000	1.000000	0.000000	   4.76088
    6.40	    13.15626	 3.4294	  5.8805	0.28427	 0.0417268	 0.0814417	1.000000	1.000000	0.000000	   4.89545
    6.60	    13.84779	 3.4855	  6.0743	0.27639	 0.0395173	 0.0771500	1.000000	1.000000	0.000000	   5.03044
    6.80	    14.55037	 3.5400	  6.2658	0.26890	 0.0374728	 0.0731832	1.000000	1.000000	0.000000	   5.16585
    7.00	    15.26371	 3.5931	  6.4550	0.26177	 0.0355777	 0.0695100	1.000000	1.000000	0.000000	   5.30165
    7.20	    15.98752	 3.6447	  6.6420	0.25498	 0.0338185	 0.0661025	1.000000	1.000000	0.000000	   5.43779
    7.40	    16.72153	 3.6951	  6.8267	0.24850	 0.0321834	 0.0629360	1.000000	1.000000	0.000000	   5.57422
    7.60	    17.46548	 3.7441	  7.0093	0.24232	 0.0306606	 0.0599885	1.000000	1.000000	0.000000	   5.71097
    7.80	    18.21913	 3.7920	  7.1896	0.23641	 0.0292401	 0.0572406	1.000000	1.000000	0.000000	   5.84804
    8.00	    18.98223	 3.8387	  7.3679	0.23075	 0.0279132	 0.0546749	1.000000	1.000000	0.000000	   5.98543
    8.20	    19.75455	 3.8843	  7.5440	0.22534	 0.0266720	 0.0522758	1.000000	1.000000	0.000000	   6.12311
    8.40	    20.53590	 3.9289	  7.7180	0.22015	 0.0255097	 0.0500293	1.000000	1.000000	0.000000	   6.26105
    8.60	    21.32605	 3.9724	  7.8899	0.21518	 0.0244203	 0.0479228	1.000000	1.000000	0.000000	   6.39918
    8.80	    22.12480	 4.0149	  8.0599	0.21041	 0.0233973	 0.0459451	1.000000	1.000000	0.000000	   6.53759
    9.00	    22.93197	 4.0566	  8.2278	0.20582	 0.0224354	 0.0440860	1.000000	1.000000	0.000000	   6.67627
    9.20	    23.74738	 4.0973	  8.3938	0.20142	 0.0215299	 0.0423363	1.000000	1.000000	0.000000	   6.81521
    9.40	    24.57084	 4.1371	  8.5579	0.19718	 0.0206766	 0.0406875	1.000000	1.000000	0.000000	   6.95441
    9.60	    25.40219	 4.1762	  8.7202	0.19310	 0.0198717	 0.0391323	1.000000	1.000000	0.000000	   7.09385
    9.80	    26.24127	 4.2144	  8.8805	0.18917	 0.0191120	 0.0376636	1.000000	1.000000	0.000000	   7.23348
   10.00	    27.08791	 4.2518	  9.0390	0.18538	 0.0183942	 0.0362752	1.000000	1.000000	0.000000	   7.37326
