time	t/R0	xi	R/R0	Eq42
    0.00	  0.000	 0.8862	   1.000	  0.0047
    0.20	  0.000	 0.8863	   1.000	  0.0047
    0.40	  0.001	 0.8863	   1.000	  0.0047
    0.60	  0.001	 0.8865	   1.000	  0.0047
    0.80	  0.001	 0.8867	   1.000	  0.0047
    1.00	  0.002	 0.8870	   1.000	  0.0047
    1.20	  0.002	 0.8873	   1.000	  0.0047
    1.40	  0.002	 0.8877	   1.000	  0.0047
    1.60	  0.003	 0.8881	   1.000	  0.0047
    1.80	  0.003	 0.8886	   1.000	  0.0047
    2.00	  0.004	 0.8891	   1.000	  0.0047
    2.20	  0.004	 0.8897	   1.000	  0.0047
    2.40	  0.004	 0.8903	   1.000	  0.0047
    2.60	  0.005	 0.8910	   1.000	  0.0047
    2.80	  0.005	 0.8917	   1.000	  0.0047
    3.00	  0.005	 0.8924	   1.000	  0.0047
    3.20	  0.006	 0.8932	   1.000	  0.0047
    3.40	  0.006	 0.8940	   1.000	  0.0047
    3.60	  0.006	 0.8948	   1.000	  0.0047
    3.80	  0.007	 0.8957	   1.000	  0.0047
    4.00	  0.007	 0.8966	   1.000	  0.0048
    4.20	  0.007	 0.8975	   1.000	  0.0048
    4.40	  0.008	 0.8985	   1.000	  0.0048
    4.60	  0.008	 0.8995	   1.000	  0.0048
    4.80	  0.009	 0.9005	   1.000	  0.0048
    5.00	  0.009	 0.9016	   1.000	  0.0048
    5.20	  0.009	 0.9026	   1.000	  0.0048
    5.40	  0.010	 0.9037	   1.000	  0.0048
    5.60	  0.010	 0.9049	   1.000	  0.0048
    5.80	  0.010	 0.9060	   1.000	  0.0048
    6.00	  0.011	 0.9072	   1.000	  0.0049
    6.20	  0.011	 0.9083	   1.000	  0.0049
    6.40	  0.011	 0.9095	   1.000	  0.0049
    6.60	  0.012	 0.9108	   1.000	  0.0049
    6.80	  0.012	 0.9120	   1.000	  0.0049
    7.00	  0.012	 0.9133	   1.000	  0.0049
    7.20	  0.013	 0.9146	   1.000	  0.0049
    7.40	  0.013	 0.9159	   1.000	  0.0049
    7.60	  0.013	 0.9172	   1.000	  0.0050
    7.80	  0.014	 0.9185	   1.000	  0.0050
    8.00	  0.014	 0.9199	   1.000	  0.0050
    8.20	  0.015	 0.9212	   1.000	  0.0050
    8.40	  0.015	 0.9226	   1.000	  0.0050
    8.60	  0.015	 0.9240	   1.000	  0.0050
    8.80	  0.016	 0.9254	   1.000	  0.0050
    9.00	  0.016	 0.9269	   1.000	  0.0050
    9.20	  0.016	 0.9283	   1.000	  0.0051
    9.40	  0.017	 0.9298	   1.000	  0.0051
    9.60	  0.017	 0.9313	   1.000	  0.0051
    9.80	  0.017	 0.9327	   1.000	  0.0051
   10.00	  0.018	 0.9342	   1.000	  0.0051
