vmoy	Emoy	dndv	dndE
 0.0470	  0.0011	 45.581294	969.882959
 0.0486	  0.0012	 44.275873	910.477694
 0.0503	  0.0013	 43.024534	855.358167
 0.0520	  0.0014	 41.824601	804.177603
 0.0538	  0.0014	 40.673575	756.620467
 0.0555	  0.0015	 39.569104	712.399009
 0.0574	  0.0016	 38.508929	671.249847
 0.0592	  0.0018	 37.490952	632.933024
 0.0611	  0.0019	 36.513166	597.228779
 0.0631	  0.0020	 35.573663	563.935899
 0.0651	  0.0021	 34.670666	532.870620
 0.0671	  0.0023	 33.802466	503.864165
 0.0691	  0.0024	 32.967446	476.761876
 0.0713	  0.0025	 32.164094	451.422110
 0.0734	  0.0027	 31.390948	427.714503
 0.0756	  0.0029	 30.646637	405.519442
 0.0778	  0.0030	 29.929861	384.727055
 0.0801	  0.0032	 29.239368	365.235998
 0.0824	  0.0034	 28.574000	346.953415
 0.0847	  0.0036	 27.932638	329.793542
 0.0871	  0.0038	 27.314211	313.677239
 0.0895	  0.0040	 26.717754	298.532153
 0.0920	  0.0042	 26.142302	284.290966
 0.0945	  0.0045	 25.586949	270.891654
 0.0970	  0.0047	 25.050850	258.277099
 0.0996	  0.0050	 24.533172	246.394192
 0.1022	  0.0052	 24.033142	235.194026
 0.1048	  0.0055	 23.550027	224.631327
 0.1075	  0.0058	 23.083104	214.663976
 0.1103	  0.0061	 22.631713	205.253178
 0.1130	  0.0064	 22.195213	196.362882
 0.1158	  0.0067	 21.772981	187.959511
 0.1187	  0.0070	 21.364442	180.012088
 0.1216	  0.0074	 20.969042	172.491792
 0.1245	  0.0077	 20.586235	165.371691
 0.1274	  0.0081	 20.215517	158.626888
 0.1304	  0.0085	 19.856419	152.234331
 0.1335	  0.0089	 19.508462	146.172295
 0.1365	  0.0093	 19.171205	140.420709
 0.1396	  0.0097	 18.844258	134.961075
 0.1428	  0.0102	 18.527208	129.775867
 0.1459	  0.0106	 18.219670	124.848795
 0.1491	  0.0111	 17.921292	120.164795
 0.1524	  0.0116	 17.631721	115.709651
 0.1557	  0.0121	 17.350617	111.470100
 0.1590	  0.0126	 17.077670	107.433829
 0.1623	  0.0132	 16.812569	103.589235
 0.1657	  0.0137	 16.555022	 99.925494
 0.1691	  0.0143	 16.304749	 96.432489
 0.1725	  0.0149	 16.061479	 93.100704
 0.1760	  0.0155	 15.824955	 89.921253
 0.1795	  0.0161	 15.594930	 86.885803
 0.1830	  0.0167	 15.371157	 83.986479
 0.1866	  0.0174	 15.153415	 81.215975
 0.1902	  0.0181	 14.941493	 78.567451
 0.1938	  0.0188	 14.735163	 76.034326
 0.1974	  0.0195	 14.534239	 73.610610
 0.2011	  0.0202	 14.338546	 71.290672
 0.2048	  0.0210	 14.147884	 69.069065
 0.2086	  0.0218	 13.962084	 66.940771
 0.2123	  0.0225	 13.780985	 64.901081
 0.2161	  0.0234	 13.604420	 62.945489
 0.2199	  0.0242	 13.432231	 61.069774
 0.2238	  0.0250	 13.264276	 59.269994
 0.2277	  0.0259	 13.100408	 57.542385
 0.2316	  0.0268	 12.940485	 55.883402
 0.2355	  0.0277	 12.784382	 54.289736
 0.2394	  0.0287	 12.631965	 52.758215
 0.2434	  0.0296	 12.483109	 51.285852
 0.2474	  0.0306	 12.337700	 49.869856
 0.2514	  0.0316	 12.195616	 48.507540
 0.2555	  0.0326	 12.056748	 47.196392
 0.2595	  0.0337	 11.920996	 45.934059
 0.2636	  0.0347	 11.788247	 44.718247
 0.2677	  0.0358	 11.658413	 43.546867
 0.2719	  0.0370	 11.531408	 42.417930
 0.2760	  0.0381	 11.407136	 41.329506
 0.2802	  0.0392	 11.285514	 40.279804
 0.2844	  0.0404	 11.166463	 39.267118
 0.2886	  0.0416	 11.049897	 38.289809
 0.2928	  0.0429	 10.935742	 37.346340
 0.2971	  0.0441	 10.823928	 36.435266
 0.3013	  0.0454	 10.714377	 35.555174
 0.3056	  0.0467	 10.607016	 34.704732
 0.3099	  0.0480	 10.501791	 33.882726
 0.3143	  0.0494	 10.398631	 33.087941
 0.3186	  0.0508	 10.297464	 32.319213
 0.3230	  0.0522	 10.198238	 31.575485
 0.3274	  0.0536	 10.100896	 30.855739
 0.3318	  0.0550	 10.005372	 30.158963
 0.3362	  0.0565	  9.911615	 29.484236
 0.3406	  0.0580	  9.819573	 28.830673
 0.3450	  0.0595	  9.729192	 28.197420
 0.3495	  0.0611	  9.640432	 27.583701
 0.3540	  0.0626	  9.553248	 26.988745
 0.3585	  0.0642	  9.467586	 26.411804
 0.3630	  0.0659	  9.383419	 25.852225
 0.3675	  0.0675	  9.300700	 25.309325
 0.3720	  0.0692	  9.219379	 24.782450
 0.3766	  0.0709	  9.139426	 24.271012
 0.3811	  0.0726	  9.060810	 23.774451
 0.3857	  0.0744	  8.983485	 23.292191
 0.3903	  0.0762	  8.907411	 22.823689
 0.3949	  0.0780	  8.832564	 22.368467
 0.3995	  0.0798	  8.758912	 21.926043
 0.4041	  0.0816	  8.686412	 21.495926
 0.4087	  0.0835	  8.615037	 21.077683
 0.4134	  0.0854	  8.544758	 20.670894
 0.4180	  0.0874	  8.475541	 20.275144
 0.4227	  0.0893	  8.407359	 19.890040
 0.4274	  0.0913	  8.340185	 19.515216
 0.4321	  0.0933	  8.273986	 19.150298
 0.4368	  0.0954	  8.208744	 18.794961
 0.4415	  0.0974	  8.144439	 18.448891
 0.4462	  0.0995	  8.081043	 18.111762
 0.4509	  0.1017	  8.018533	 17.783271
 0.4556	  0.1038	  7.956895	 17.463151
 0.4604	  0.1060	  7.896105	 17.151117
 0.4651	  0.1082	  7.836135	 16.846887
 0.4699	  0.1104	  7.776975	 16.550229
 0.4747	  0.1127	  7.718605	 16.260894
 0.4795	  0.1149	  7.661001	 15.978637
 0.4842	  0.1172	  7.604145	 15.703229
 0.4890	  0.1196	  7.548025	 15.434469
 0.4938	  0.1219	  7.492622	 15.172140
 0.4987	  0.1243	  7.437913	 14.916027
 0.5035	  0.1267	  7.383885	 14.665946
 0.5083	  0.1292	  7.330524	 14.421711
 0.5131	  0.1317	  7.277812	 14.183137
 0.5180	  0.1341	  7.225726	 13.950038
 0.5228	  0.1367	  7.174262	 13.722266
 0.5277	  0.1392	  7.123403	 13.499652
 0.5325	  0.1418	  7.073125	 13.282027
 0.5374	  0.1444	  7.023426	 13.069262
 0.5423	  0.1470	  6.974299	 12.861220
 0.5472	  0.1497	  6.925724	 12.657755
 0.5520	  0.1524	  6.877691	 12.458733
 0.5569	  0.1551	  6.830196	 12.264040
 0.5618	  0.1578	  6.783222	 12.073543
 0.5667	  0.1606	  6.736756	 11.887119
 0.5716	  0.1634	  6.690796	 11.704665
 0.5765	  0.1662	  6.645330	 11.526069
 0.5815	  0.1691	  6.600342	 11.351213
 0.5864	  0.1719	  6.555826	 11.179998
 0.5913	  0.1748	  6.511777	 11.012333
 0.5962	  0.1778	  6.468183	 10.848114
 0.6012	  0.1807	  6.425030	 10.687241
 0.6061	  0.1837	  6.382313	 10.529630
 0.6111	  0.1867	  6.340027	 10.375196
 0.6160	  0.1897	  6.298158	 10.223847
 0.6210	  0.1928	  6.256694	 10.075496
 0.6259	  0.1959	  6.215632	  9.930069
 0.6309	  0.1990	  6.174967	  9.787494
 0.6359	  0.2022	  6.134685	  9.647689
 0.6408	  0.2053	  6.094773	  9.510568
 0.6458	  0.2085	  6.055236	  9.376086
 0.6508	  0.2118	  6.016070	  9.244178
 0.6558	  0.2150	  5.977263	  9.114768
 0.6608	  0.2183	  5.938806	  8.987793
 0.6658	  0.2216	  5.900702	  8.863204
 0.6707	  0.2249	  5.862943	  8.740940
 0.6757	  0.2283	  5.825519	  8.620936
 0.6807	  0.2317	  5.788430	  8.503145
 0.6857	  0.2351	  5.751670	  8.387514
 0.6907	  0.2386	  5.715232	  8.273986
 0.6958	  0.2420	  5.679109	  8.162510
 0.7008	  0.2455	  5.643301	  8.053044
 0.7058	  0.2491	  5.607802	  7.945539
 0.7108	  0.2526	  5.572603	  7.839941
 0.7158	  0.2562	  5.537701	  7.736210
 0.7208	  0.2598	  5.503094	  7.634305
 0.7259	  0.2634	  5.468775	  7.534182
 0.7309	  0.2671	  5.434738	  7.435795
 0.7359	  0.2708	  5.400979	  7.339105
 0.7409	  0.2745	  5.367494	  7.244075
 0.7460	  0.2782	  5.334277	  7.150664
 0.7510	  0.2820	  5.301322	  7.058833
 0.7561	  0.2858	  5.268628	  6.968551
 0.7611	  0.2896	  5.236187	  6.879777
 0.7661	  0.2935	  5.204004	  6.792489
 0.7712	  0.2974	  5.172070	  6.706648
 0.7762	  0.3013	  5.140380	  6.622220
 0.7813	  0.3052	  5.108938	  6.539183
 0.7863	  0.3092	  5.077741	  6.457510
 0.7914	  0.3131	  5.046783	  6.377166
 0.7964	  0.3172	  5.016056	  6.298117
 0.8015	  0.3212	  4.985565	  6.220345
 0.8066	  0.3253	  4.955307	  6.143825
 0.8116	  0.3294	  4.925276	  6.068526
 0.8167	  0.3335	  4.895469	  5.994423
 0.8217	  0.3376	  4.865886	  5.921493
 0.8268	  0.3418	  4.836523	  5.849712
 0.8319	  0.3460	  4.807376	  5.779053
 0.8369	  0.3502	  4.778442	  5.709496
 0.8420	  0.3545	  4.749723	  5.641021
 0.8471	  0.3588	  4.721213	  5.573603
 0.8521	  0.3631	  4.692908	  5.507219
 0.8572	  0.3674	  4.664806	  5.441850
 0.8623	  0.3718	  4.636905	  5.377474
 0.8674	  0.3762	  4.609202	  5.314073
 0.8724	  0.3806	  4.581691	  5.251623
 0.8775	  0.3850	  4.554376	  5.190111
 0.8826	  0.3895	  4.527251	  5.129516
 0.8877	  0.3940	  4.500308	  5.069813
 0.8927	  0.3985	  4.473551	  5.010992
 0.8978	  0.4030	  4.446983	  4.953041
 0.9029	  0.4076	  4.420600	  4.895942
 0.9080	  0.4122	  4.394396	  4.839674
 0.9131	  0.4169	  4.368373	  4.784225
 0.9182	  0.4215	  4.342529	  4.729581
 0.9232	  0.4262	  4.316861	  4.675725
 0.9283	  0.4309	  4.291371	  4.622647
 0.9334	  0.4356	  4.266058	  4.570332
 0.9385	  0.4404	  4.240915	  4.518763
 0.9436	  0.4452	  4.215942	  4.467925
 0.9487	  0.4500	  4.191139	  4.417810
 0.9538	  0.4549	  4.166508	  4.368405
 0.9589	  0.4597	  4.142043	  4.319697
 0.9640	  0.4646	  4.117742	  4.271668
 0.9691	  0.4695	  4.093605	  4.224312
 0.9742	  0.4745	  4.069631	  4.177616
 0.9792	  0.4795	  4.045818	  4.131566
 0.9843	  0.4845	  4.022162	  4.086151
 0.9894	  0.4895	  3.998666	  4.041363
 0.9945	  0.4945	  3.975326	  3.997189
 0.9996	  0.4996	  3.952141	  3.953618
 1.0047	  0.5047	  3.929106	  3.910637
 1.0098	  0.5099	  3.906220	  3.868236
 1.0149	  0.5150	  3.883486	  3.826408
 1.0200	  0.5202	  3.860900	  3.785142
 1.0251	  0.5254	  3.838457	  3.744424
 1.0302	  0.5307	  3.816160	  3.704251
 1.0353	  0.5359	  3.794010	  3.664613
 1.0404	  0.5412	  3.772004	  3.625501
 1.0455	  0.5465	  3.750137	  3.586903
 1.0506	  0.5519	  3.728417	  3.548818
 1.0557	  0.5573	  3.706840	  3.511236
 1.0608	  0.5627	  3.685402	  3.474146
 1.0659	  0.5681	  3.664101	  3.437539
 1.0710	  0.5735	  3.642941	  3.401410
 1.0761	  0.5790	  3.621921	  3.365754
 1.0812	  0.5845	  3.601037	  3.330560
 1.0863	  0.5900	  3.580290	  3.295823
 1.0914	  0.5956	  3.559679	  3.261533
 1.0965	  0.6012	  3.539202	  3.227686
 1.1016	  0.6068	  3.518857	  3.194271
 1.1067	  0.6124	  3.498646	  3.161285
 1.1118	  0.6181	  3.478567	  3.128721
 1.1169	  0.6238	  3.458620	  3.096572
 1.1220	  0.6295	  3.438801	  3.064830
 1.1271	  0.6352	  3.419110	  3.033489
 1.1322	  0.6410	  3.399549	  3.002545
 1.1373	  0.6468	  3.380114	  2.971990
 1.1424	  0.6526	  3.360803	  2.941817
 1.1475	  0.6584	  3.341618	  2.912022
 1.1526	  0.6643	  3.322555	  2.882597
 1.1577	  0.6702	  3.303614	  2.853538
 1.1628	  0.6761	  3.284794	  2.824838
 1.1679	  0.6820	  3.266093	  2.796490
 1.1730	  0.6880	  3.247509	  2.768490
 1.1781	  0.6940	  3.229045	  2.740835
 1.1832	  0.7000	  3.210700	  2.713519
 1.1883	  0.7061	  3.192472	  2.686537
 1.1934	  0.7121	  3.174359	  2.659882
 1.1985	  0.7182	  3.156363	  2.633553
 1.2036	  0.7243	  3.138483	  2.607543
 1.2087	  0.7305	  3.120717	  2.581849
 1.2138	  0.7367	  3.103065	  2.556465
 1.2189	  0.7429	  3.085528	  2.531389
 1.2240	  0.7491	  3.068105	  2.506615
 1.2291	  0.7553	  3.050791	  2.482137
 1.2342	  0.7616	  3.033588	  2.457951
 1.2393	  0.7679	  3.016497	  2.434056
 1.2444	  0.7742	  2.999517	  2.410447
 1.2495	  0.7806	  2.982646	  2.387119
 1.2546	  0.7870	  2.965882	  2.364066
 1.2597	  0.7934	  2.949226	  2.341287
 1.2648	  0.7998	  2.932677	  2.318777
 1.2698	  0.8063	  2.916234	  2.296532
 1.2749	  0.8127	  2.899895	  2.274548
 1.2800	  0.8192	  2.883662	  2.252822
 1.2851	  0.8258	  2.867533	  2.231351
 1.2902	  0.8323	  2.851505	  2.210129
 1.2953	  0.8389	  2.835578	  2.189153
 1.3004	  0.8455	  2.819753	  2.168420
 1.3055	  0.8521	  2.804027	  2.147927
 1.3105	  0.8588	  2.788399	  2.127669
 1.3156	  0.8654	  2.772869	  2.107642
 1.3207	  0.8721	  2.757436	  2.087845
 1.3258	  0.8789	  2.742099	  2.068274
 1.3309	  0.8856	  2.726855	  2.048924
 1.3360	  0.8924	  2.711705	  2.029792
 1.3410	  0.8992	  2.696649	  2.010877
 1.3461	  0.9060	  2.681688	  1.992177
 1.3512	  0.9129	  2.666818	  1.973686
 1.3563	  0.9197	  2.652042	  1.955404
 1.3613	  0.9266	  2.637357	  1.937327
 1.3664	  0.9335	  2.622761	  1.919451
 1.3715	  0.9405	  2.608254	  1.901774
 1.3766	  0.9475	  2.593838	  1.884294
 1.3816	  0.9544	  2.579511	  1.867008
 1.3867	  0.9615	  2.565272	  1.849914
 1.3918	  0.9685	  2.551120	  1.833008
 1.3968	  0.9756	  2.537054	  1.816289
 1.4019	  0.9827	  2.523075	  1.799753
 1.4070	  0.9898	  2.509179	  1.783397
 1.4120	  0.9969	  2.495367	  1.767220
 1.4171	  1.0041	  2.481640	  1.751219
 1.4222	  1.0113	  2.467996	  1.735393
 1.4272	  1.0185	  2.454434	  1.719737
 1.4323	  1.0257	  2.440951	  1.704249
 1.4373	  1.0330	  2.427549	  1.688928
 1.4424	  1.0402	  2.414228	  1.673771
 1.4474	  1.0475	  2.400985	  1.658777
 1.4525	  1.0549	  2.387820	  1.643941
 1.4576	  1.0622	  2.374732	  1.629263
 1.4626	  1.0696	  2.361721	  1.614740
 1.4677	  1.0770	  2.348785	  1.600370
 1.4727	  1.0844	  2.335922	  1.586149
 1.4777	  1.0919	  2.323133	  1.572077
 1.4828	  1.0993	  2.310416	  1.558151
 1.4878	  1.1068	  2.297773	  1.544370
 1.4929	  1.1143	  2.285200	  1.530731
 1.4979	  1.1219	  2.272695	  1.517231
 1.5030	  1.1294	  2.260262	  1.503870
 1.5080	  1.1370	  2.247898	  1.490646
 1.5130	  1.1446	  2.235602	  1.477556
 1.5181	  1.1523	  2.223373	  1.464598
 1.5231	  1.1599	  2.211211	  1.451772
 1.5281	  1.1676	  2.199117	  1.439075
 1.5332	  1.1753	  2.187090	  1.426507
 1.5382	  1.1830	  2.175127	  1.414065
 1.5432	  1.1908	  2.163230	  1.401747
 1.5483	  1.1986	  2.151397	  1.389552
 1.5533	  1.2064	  2.139628	  1.377478
 1.5583	  1.2142	  2.127920	  1.365522
 1.5633	  1.2220	  2.116276	  1.353686
 1.5684	  1.2299	  2.104694	  1.341965
 1.5734	  1.2378	  2.093173	  1.330360
 1.5784	  1.2457	  2.081712	  1.318868
 1.5834	  1.2536	  2.070311	  1.307488
 1.5884	  1.2616	  2.058970	  1.296218
 1.5935	  1.2696	  2.047688	  1.285057
 1.5985	  1.2776	  2.036462	  1.274003
 1.6035	  1.2856	  2.025295	  1.263055
 1.6085	  1.2936	  2.014185	  1.252212
 1.6135	  1.3017	  2.003132	  1.241473
 1.6185	  1.3098	  1.992134	  1.230835
 1.6235	  1.3179	  1.981190	  1.220297
 1.6285	  1.3261	  1.970301	  1.209859
 1.6335	  1.3342	  1.959467	  1.199519
 1.6385	  1.3424	  1.948685	  1.189275
 1.6436	  1.3506	  1.937956	  1.179127
 1.6486	  1.3589	  1.927279	  1.169072
 1.6536	  1.3671	  1.916654	  1.159110
 1.6586	  1.3754	  1.906079	  1.149240
 1.6636	  1.3837	  1.895555	  1.139460
 1.6686	  1.3920	  1.885080	  1.129769
 1.6736	  1.4004	  1.874653	  1.120166
 1.6785	  1.4088	  1.864276	  1.110649
 1.6835	  1.4172	  1.853947	  1.101219
 1.6885	  1.4256	  1.843667	  1.091874
 1.6935	  1.4340	  1.833433	  1.082612
 1.6985	  1.4425	  1.823248	  1.073434
 1.7035	  1.4510	  1.813111	  1.064338
 1.7085	  1.4595	  1.803020	  1.055323
 1.7135	  1.4680	  1.792974	  1.046387
 1.7185	  1.4766	  1.782974	  1.037531
 1.7235	  1.4852	  1.773021	  1.028753
 1.7285	  1.4938	  1.763113	  1.020053
 1.7334	  1.5024	  1.753250	  1.011429
 1.7384	  1.5111	  1.743432	  1.002880
 1.7434	  1.5197	  1.733658	  0.994407
 1.7484	  1.5284	  1.723928	  0.986007
 1.7534	  1.5372	  1.714242	  0.977680
 1.7584	  1.5459	  1.704600	  0.969426
 1.7633	  1.5547	  1.695000	  0.961243
 1.7683	  1.5635	  1.685444	  0.953131
 1.7733	  1.5723	  1.675931	  0.945089
 1.7783	  1.5812	  1.666459	  0.937115
 1.7833	  1.5900	  1.657030	  0.929211
 1.7882	  1.5989	  1.647643	  0.921373
 1.7932	  1.6078	  1.638297	  0.913603
 1.7982	  1.6168	  1.628992	  0.905899
 1.8032	  1.6257	  1.619729	  0.898260
 1.8082	  1.6347	  1.610507	  0.890686
 1.8131	  1.6437	  1.601325	  0.883177
 1.8181	  1.6528	  1.592184	  0.875731
 1.8231	  1.6618	  1.583083	  0.868348
 1.8281	  1.6709	  1.574022	  0.861026
 1.8331	  1.6800	  1.565001	  0.853766
 1.8380	  1.6892	  1.556019	  0.846567
 1.8430	  1.6983	  1.547076	  0.839428
 1.8480	  1.7075	  1.538172	  0.832349
 1.8530	  1.7167	  1.529307	  0.825328
 1.8579	  1.7260	  1.520480	  0.818366
 1.8629	  1.7352	  1.511693	  0.811462
 1.8679	  1.7445	  1.502944	  0.804615
 1.8729	  1.7538	  1.494234	  0.797826
 1.8779	  1.7632	  1.485562	  0.791092
 1.8828	  1.7725	  1.476928	  0.784415
 1.8878	  1.7819	  1.468333	  0.777792
 1.8928	  1.7914	  1.459777	  0.771225
 1.8978	  1.8008	  1.451259	  0.764713
 1.9028	  1.8103	  1.442778	  0.758254
 1.9077	  1.8197	  1.434337	  0.751849
 1.9127	  1.8293	  1.425933	  0.745497
 1.9177	  1.8388	  1.417568	  0.739198
 1.9227	  1.8484	  1.409241	  0.732950
 1.9277	  1.8580	  1.400952	  0.726755
 1.9327	  1.8676	  1.392701	  0.720611
 1.9377	  1.8772	  1.384489	  0.714519
 1.9426	  1.8869	  1.376314	  0.708477
 1.9476	  1.8966	  1.368177	  0.702484
 1.9526	  1.9064	  1.360078	  0.696542
 1.9576	  1.9161	  1.352018	  0.690649
 1.9626	  1.9259	  1.343996	  0.684805
 1.9676	  1.9357	  1.336011	  0.679010
 1.9726	  1.9455	  1.328064	  0.673263
 1.9776	  1.9554	  1.320155	  0.667564
 1.9826	  1.9653	  1.312285	  0.661912
 1.9876	  1.9752	  1.304452	  0.656307
 1.9926	  1.9851	  1.296657	  0.650750
 1.9976	  1.9951	  1.288900	  0.645238
 2.0026	  2.0051	  1.281182	  0.639773
 2.0076	  2.0151	  1.273501	  0.634354
 2.0126	  2.0252	  1.265858	  0.628979
 2.0176	  2.0353	  1.258253	  0.623650
 2.0226	  2.0454	  1.250686	  0.618365
 2.0276	  2.0555	  1.243156	  0.613125
 2.0326	  2.0657	  1.235665	  0.607929
 2.0376	  2.0759	  1.228211	  0.602777
 2.0426	  2.0861	  1.220795	  0.597667
 2.0476	  2.0964	  1.213417	  0.592601
 2.0526	  2.1066	  1.206077	  0.587578
 2.0576	  2.1169	  1.198775	  0.582597
 2.0627	  2.1273	  1.191510	  0.577658
 2.0677	  2.1376	  1.184283	  0.572761
 2.0727	  2.1480	  1.177095	  0.567905
 2.0777	  2.1585	  1.169944	  0.563091
 2.0827	  2.1689	  1.162831	  0.558318
 2.0878	  2.1794	  1.155756	  0.553586
 2.0928	  2.1899	  1.148720	  0.548894
 2.0978	  2.2004	  1.141722	  0.544242
 2.1029	  2.2110	  1.134762	  0.539630
 2.1079	  2.2216	  1.127840	  0.535058
 2.1129	  2.2322	  1.120957	  0.530526
 2.1180	  2.2429	  1.114112	  0.526033
 2.1230	  2.2535	  1.107305	  0.521578
 2.1280	  2.2643	  1.100536	  0.517162
 2.1331	  2.2750	  1.093806	  0.512785
 2.1381	  2.2858	  1.087114	  0.508445
 2.1432	  2.2966	  1.080461	  0.504144
 2.1482	  2.3074	  1.073846	  0.499880
 2.1533	  2.3183	  1.067269	  0.495653
 2.1583	  2.3291	  1.060730	  0.491464
 2.1634	  2.3401	  1.054230	  0.487311
 2.1684	  2.3510	  1.047768	  0.483195
 2.1735	  2.3620	  1.041345	  0.479116
 2.1785	  2.3730	  1.034959	  0.475072
 2.1836	  2.3840	  1.028612	  0.471064
 2.1887	  2.3951	  1.022304	  0.467092
 2.1937	  2.4062	  1.016033	  0.463155
 2.1988	  2.4173	  1.009801	  0.459253
 2.2039	  2.4285	  1.003607	  0.455387
 2.2089	  2.4397	  0.997451	  0.451554
 2.2140	  2.4509	  0.991333	  0.447756
 2.2191	  2.4621	  0.985253	  0.443993
 2.2242	  2.4734	  0.979211	  0.440263
 2.2292	  2.4847	  0.973207	  0.436566
 2.2343	  2.4961	  0.967241	  0.432903
 2.2394	  2.5074	  0.961313	  0.429273
 2.2445	  2.5188	  0.955422	  0.425676
 2.2496	  2.5303	  0.949569	  0.422112
 2.2547	  2.5417	  0.943754	  0.418580
 2.2597	  2.5532	  0.937976	  0.415080
 2.2648	  2.5648	  0.932236	  0.411612
 2.2699	  2.5763	  0.926533	  0.408176
 2.2750	  2.5879	  0.920867	  0.404771
 2.2801	  2.5995	  0.915238	  0.401397
 2.2852	  2.6111	  0.909647	  0.398054
 2.2903	  2.6228	  0.904093	  0.394742
 2.2954	  2.6345	  0.898575	  0.391461
 2.3005	  2.6463	  0.893095	  0.388210
 2.3057	  2.6580	  0.887652	  0.384989
 2.3108	  2.6698	  0.882245	  0.381798
 2.3159	  2.6816	  0.876875	  0.378637
 2.3210	  2.6935	  0.871542	  0.375505
 2.3261	  2.7054	  0.866245	  0.372402
 2.3312	  2.7173	  0.860985	  0.369328
 2.3363	  2.7292	  0.855762	  0.366283
 2.3415	  2.7412	  0.850574	  0.363267
 2.3466	  2.7532	  0.845423	  0.360278
 2.3517	  2.7653	  0.840308	  0.357318
 2.3568	  2.7773	  0.835228	  0.354386
 2.3620	  2.7894	  0.830185	  0.351482
 2.3671	  2.8015	  0.825177	  0.348605
 2.3722	  2.8137	  0.820205	  0.345755
 2.3773	  2.8259	  0.815268	  0.342932
 2.3825	  2.8381	  0.810367	  0.340136
 2.3876	  2.8503	  0.805501	  0.337367
 2.3927	  2.8626	  0.800670	  0.334624
 2.3979	  2.8749	  0.795874	  0.331907
 2.4030	  2.8873	  0.791113	  0.329216
 2.4082	  2.8996	  0.786387	  0.326551
 2.4133	  2.9120	  0.781695	  0.323911
 2.4184	  2.9244	  0.777037	  0.321296
 2.4236	  2.9369	  0.772414	  0.318707
 2.4287	  2.9494	  0.767825	  0.316143
 2.4339	  2.9619	  0.763270	  0.313603
 2.4390	  2.9744	  0.758749	  0.311088
 2.4442	  2.9870	  0.754262	  0.308597
 2.4493	  2.9996	  0.749808	  0.306130
 2.4545	  3.0122	  0.745387	  0.303687
 2.4596	  3.0248	  0.741000	  0.301267
 2.4648	  3.0375	  0.736646	  0.298871
 2.4699	  3.0502	  0.732324	  0.296498
 2.4751	  3.0630	  0.728035	  0.294148
 2.4802	  3.0757	  0.723779	  0.291821
 2.4854	  3.0885	  0.719555	  0.289517
 2.4905	  3.1013	  0.715364	  0.287235
 2.4957	  3.1142	  0.711204	  0.284975
 2.5008	  3.1271	  0.707077	  0.282737
 2.5060	  3.1400	  0.702981	  0.280521
 2.5111	  3.1529	  0.698916	  0.278327
 2.5163	  3.1659	  0.694883	  0.276154
 2.5214	  3.1788	  0.690881	  0.274002
 2.5266	  3.1918	  0.686910	  0.271872
 2.5318	  3.2049	  0.682970	  0.269762
 2.5369	  3.2179	  0.679061	  0.267673
 2.5421	  3.2310	  0.675182	  0.265604
 2.5472	  3.2441	  0.671333	  0.263556
 2.5524	  3.2573	  0.667515	  0.261528
 2.5575	  3.2705	  0.663727	  0.259519
 2.5627	  3.2837	  0.659968	  0.257531
 2.5678	  3.2969	  0.656239	  0.255562
 2.5730	  3.3101	  0.652540	  0.253613
 2.5781	  3.3234	  0.648870	  0.251682
 2.5833	  3.3367	  0.645229	  0.249771
 2.5884	  3.3500	  0.641617	  0.247879
 2.5936	  3.3633	  0.638034	  0.246005
 2.5987	  3.3767	  0.634479	  0.244150
 2.6039	  3.3901	  0.630953	  0.242313
 2.6090	  3.4035	  0.627455	  0.240494
 2.6142	  3.4169	  0.623985	  0.238693
 2.6193	  3.4304	  0.620543	  0.236910
 2.6245	  3.4439	  0.617129	  0.235145
 2.6296	  3.4574	  0.613742	  0.233398
 2.6347	  3.4709	  0.610383	  0.231667
 2.6399	  3.4845	  0.607051	  0.229954
 2.6450	  3.4981	  0.603746	  0.228258
 2.6502	  3.5117	  0.600467	  0.226578
 2.6553	  3.5253	  0.597215	  0.224915
 2.6604	  3.5389	  0.593990	  0.223269
 2.6656	  3.5526	  0.590791	  0.221639
 2.6707	  3.5663	  0.587618	  0.220025
 2.6758	  3.5800	  0.584471	  0.218427
 2.6809	  3.5937	  0.581349	  0.216846
 2.6861	  3.6075	  0.578253	  0.215279
 2.6912	  3.6212	  0.575183	  0.213729
 2.6963	  3.6350	  0.572138	  0.212194
 2.7014	  3.6488	  0.569117	  0.210674
 2.7065	  3.6627	  0.566122	  0.209169
 2.7116	  3.6765	  0.563151	  0.207679
 2.7168	  3.6904	  0.560204	  0.206204
 2.7219	  3.7043	  0.557282	  0.204743
 2.7270	  3.7182	  0.554384	  0.203297
 2.7321	  3.7321	  0.551510	  0.201866
 2.7372	  3.7460	  0.548659	  0.200448
 2.7423	  3.7600	  0.545833	  0.199045
 2.7473	  3.7740	  0.543029	  0.197656
 2.7524	  3.7880	  0.540249	  0.196280
 2.7575	  3.8020	  0.537492	  0.194918
 2.7626	  3.8160	  0.534757	  0.193570
 2.7677	  3.8300	  0.532045	  0.192235
 2.7728	  3.8441	  0.529356	  0.190913
 2.7778	  3.8582	  0.526689	  0.189604
 2.7829	  3.8723	  0.524045	  0.188309
 2.7880	  3.8864	  0.521422	  0.187026
 2.7930	  3.9005	  0.518821	  0.185756
 2.7981	  3.9146	  0.516242	  0.184498
 2.8031	  3.9288	  0.513684	  0.183253
 2.8082	  3.9429	  0.511147	  0.182021
 2.8132	  3.9571	  0.508632	  0.180800
 2.8183	  3.9713	  0.506137	  0.179592
 2.8233	  3.9855	  0.503664	  0.178395
 2.8283	  3.9997	  0.501211	  0.177210
 2.8334	  4.0140	  0.498779	  0.176037
 2.8384	  4.0282	  0.496366	  0.174876
 2.8434	  4.0425	  0.493975	  0.173726
 2.8484	  4.0568	  0.491603	  0.172588
 2.8534	  4.0710	  0.489251	  0.171461
 2.8584	  4.0853	  0.486918	  0.170344
 2.8634	  4.0996	  0.484606	  0.169239
 2.8684	  4.1139	  0.482312	  0.168145
 2.8734	  4.1283	  0.480038	  0.167062
 2.8784	  4.1426	  0.477783	  0.165989
 2.8834	  4.1569	  0.475547	  0.164927
 2.8884	  4.1713	  0.473330	  0.163875
 2.8933	  4.1857	  0.471131	  0.162834
 2.8983	  4.2000	  0.468950	  0.161803
 2.9032	  4.2144	  0.466788	  0.160782
 2.9082	  4.2288	  0.464645	  0.159771
 2.9131	  4.2432	  0.462519	  0.158770
 2.9181	  4.2576	  0.460411	  0.157779
 2.9230	  4.2720	  0.458320	  0.156797
 2.9279	  4.2864	  0.456248	  0.155826
 2.9329	  4.3008	  0.454192	  0.154863
 2.9378	  4.3153	  0.452154	  0.153910
 2.9427	  4.3297	  0.450133	  0.152967
 2.9476	  4.3441	  0.448130	  0.152033
 2.9525	  4.3586	  0.446142	  0.151108
 2.9574	  4.3730	  0.444172	  0.150191
 2.9623	  4.3875	  0.442218	  0.149284
 2.9671	  4.4019	  0.440281	  0.148386
 2.9720	  4.4164	  0.438360	  0.147496
 2.9769	  4.4309	  0.436455	  0.146615
 2.9817	  4.4453	  0.434566	  0.145743
 2.9866	  4.4598	  0.432693	  0.144879
 2.9914	  4.4743	  0.430836	  0.144024
 2.9963	  4.4888	  0.428994	  0.143177
 3.0011	  4.5032	  0.427168	  0.142338
 3.0059	  4.5177	  0.425357	  0.141507
 3.0107	  4.5322	  0.423561	  0.140684
 3.0155	  4.5467	  0.421780	  0.139870
 3.0203	  4.5612	  0.420015	  0.139063
 3.0251	  4.5757	  0.418264	  0.138264
 3.0299	  4.5901	  0.416527	  0.137472
 3.0347	  4.6046	  0.414806	  0.136689
 3.0394	  4.6191	  0.413099	  0.135913
 3.0442	  4.6336	  0.411406	  0.135144
 3.0490	  4.6481	  0.409727	  0.134383
 3.0537	  4.6625	  0.408063	  0.133629
 3.0584	  4.6770	  0.406412	  0.132882
 3.0632	  4.6915	  0.404775	  0.132143
 3.0679	  4.7060	  0.403152	  0.131410
 3.0726	  4.7204	  0.401542	  0.130685
 3.0773	  4.7349	  0.399946	  0.129967
 3.0820	  4.7494	  0.398363	  0.129255
 3.0867	  4.7638	  0.396794	  0.128550
 3.0914	  4.7783	  0.395238	  0.127852
 3.0960	  4.7927	  0.393694	  0.127161
 3.1007	  4.8072	  0.392164	  0.126476
 3.1053	  4.8216	  0.390646	  0.125798
 3.1100	  4.8360	  0.389141	  0.125126
 3.1146	  4.8504	  0.387648	  0.124461
 3.1193	  4.8649	  0.386168	  0.123802
 3.1239	  4.8793	  0.384701	  0.123149
 3.1285	  4.8937	  0.383245	  0.122502
 3.1331	  4.9081	  0.381802	  0.121862
 3.1377	  4.9225	  0.380370	  0.121227
 3.1422	  4.9369	  0.378951	  0.120599
 3.1468	  4.9512	  0.377543	  0.119976
 3.1514	  4.9656	  0.376148	  0.119360
 3.1559	  4.9800	  0.374763	  0.118749
 3.1605	  4.9943	  0.373390	  0.118144
 3.1650	  5.0086	  0.372029	  0.117544
 3.1695	  5.0230	  0.370679	  0.116951
 3.1740	  5.0373	  0.369340	  0.116362
 3.1786	  5.0516	  0.368012	  0.115780
 3.1830	  5.0659	  0.366696	  0.115203
 3.1875	  5.0802	  0.365390	  0.114631
 3.1920	  5.0945	  0.364095	  0.114064
 3.1965	  5.1087	  0.362811	  0.113503
 3.2009	  5.1230	  0.361537	  0.112947
 3.2054	  5.1372	  0.360274	  0.112397
 3.2098	  5.1515	  0.359021	  0.111851
 3.2142	  5.1657	  0.357779	  0.111311
 3.2187	  5.1799	  0.356547	  0.110775
 3.2231	  5.1941	  0.355325	  0.110245
 3.2275	  5.2082	  0.354113	  0.109719
 3.2318	  5.2224	  0.352911	  0.109198
 3.2362	  5.2365	  0.351719	  0.108682
 3.2406	  5.2507	  0.350537	  0.108171
 3.2449	  5.2648	  0.349365	  0.107665
 3.2493	  5.2789	  0.348202	  0.107163
 3.2536	  5.2930	  0.347049	  0.106666
 3.2579	  5.3070	  0.345905	  0.106173
 3.2622	  5.3211	  0.344771	  0.105685
 3.2665	  5.3351	  0.343646	  0.105202
 3.2708	  5.3492	  0.342530	  0.104723
 3.2751	  5.3632	  0.341423	  0.104248
 3.2794	  5.3771	  0.340326	  0.103778
 3.2836	  5.3911	  0.339237	  0.103312
 3.2879	  5.4051	  0.338157	  0.102850
 3.2921	  5.4190	  0.337086	  0.102392
 3.2963	  5.4329	  0.336024	  0.101939
 3.3006	  5.4468	  0.334971	  0.101489
 3.3048	  5.4607	  0.333926	  0.101044
 3.3089	  5.4746	  0.332890	  0.100603
 3.3131	  5.4884	  0.331862	  0.100166
 3.3173	  5.5022	  0.330842	  0.099732
 3.3215	  5.5160	  0.329831	  0.099303
 3.3256	  5.5298	  0.328828	  0.098878
 3.3297	  5.5436	  0.327833	  0.098456
 3.3339	  5.5573	  0.326846	  0.098038
 3.3380	  5.5710	  0.325867	  0.097624
 3.3421	  5.5847	  0.324896	  0.097214
 3.3462	  5.5984	  0.323933	  0.096807
 3.3502	  5.6121	  0.322978	  0.096404
 3.3543	  5.6257	  0.322031	  0.096005
 3.3584	  5.6393	  0.321091	  0.095609
 3.3624	  5.6529	  0.320158	  0.095217
 3.3664	  5.6665	  0.319234	  0.094828
 3.3705	  5.6800	  0.318316	  0.094443
 3.3745	  5.6935	  0.317407	  0.094061
 3.3785	  5.7070	  0.316504	  0.093683
 3.3825	  5.7205	  0.315609	  0.093308
 3.3864	  5.7340	  0.314721	  0.092936
 3.3904	  5.7474	  0.313840	  0.092567
 3.3943	  5.7608	  0.312966	  0.092202
 3.3983	  5.7742	  0.312099	  0.091840
 3.4022	  5.7875	  0.311239	  0.091481
 3.4061	  5.8009	  0.310386	  0.091126
 3.4100	  5.8142	  0.309540	  0.090773
 3.4139	  5.8274	  0.308700	  0.090424
 3.4178	  5.8407	  0.307868	  0.090078
 3.4217	  5.8539	  0.307041	  0.089734
 3.4255	  5.8671	  0.306222	  0.089394
 3.4294	  5.8803	  0.305409	  0.089057
 3.4332	  5.8935	  0.304603	  0.088722
 3.4370	  5.9066	  0.303802	  0.088391
 3.4408	  5.9197	  0.303009	  0.088062
 3.4446	  5.9328	  0.302221	  0.087737
 3.4484	  5.9458	  0.301440	  0.087414
 3.4522	  5.9588	  0.300665	  0.087094
 3.4560	  5.9718	  0.299896	  0.086777
 3.4597	  5.9848	  0.299134	  0.086462
 3.4634	  5.9977	  0.298377	  0.086151
 3.4672	  6.0106	  0.297626	  0.085841
 3.4709	  6.0235	  0.296882	  0.085535
 3.4746	  6.0363	  0.296143	  0.085231
 3.4783	  6.0492	  0.295410	  0.084930
 3.4819	  6.0620	  0.294682	  0.084632
 3.4856	  6.0747	  0.293961	  0.084336
 3.4893	  6.0875	  0.293245	  0.084042
 3.4929	  6.1002	  0.292535	  0.083751
 3.4965	  6.1129	  0.291830	  0.083463
 3.5001	  6.1255	  0.291131	  0.083177
 3.5037	  6.1381	  0.290437	  0.082893
 3.5073	  6.1507	  0.289749	  0.082612
 3.5109	  6.1633	  0.289066	  0.082334
 3.5145	  6.1758	  0.288389	  0.082057
 3.5180	  6.1883	  0.287717	  0.081783
 3.5216	  6.2008	  0.287050	  0.081512
 3.5251	  6.2132	  0.286388	  0.081242
 3.5286	  6.2256	  0.285732	  0.080975
 3.5321	  6.2380	  0.285080	  0.080710
 3.5356	  6.2504	  0.284434	  0.080448
 3.5391	  6.2627	  0.283792	  0.080187
 3.5426	  6.2750	  0.283156	  0.079929
 3.5460	  6.2872	  0.282525	  0.079673
 3.5495	  6.2994	  0.281898	  0.079419
 3.5529	  6.3116	  0.281277	  0.079168
 3.5563	  6.3238	  0.280660	  0.078918
 3.5598	  6.3359	  0.280048	  0.078671
 3.5631	  6.3480	  0.279440	  0.078425
 3.5665	  6.3601	  0.278838	  0.078182
 3.5699	  6.3721	  0.278240	  0.077940
 3.5733	  6.3841	  0.277646	  0.077701
 3.5766	  6.3961	  0.277058	  0.077464
 3.5800	  6.4080	  0.276473	  0.077228
 3.5833	  6.4199	  0.275893	  0.076995
 3.5866	  6.4318	  0.275318	  0.076763
 3.5899	  6.4436	  0.274747	  0.076534
 3.5932	  6.4554	  0.274181	  0.076306
 3.5964	  6.4672	  0.273619	  0.076080
 3.5997	  6.4790	  0.273061	  0.075856
 3.6030	  6.4907	  0.272507	  0.075634
 3.6062	  6.5023	  0.271958	  0.075414
 3.6094	  6.5140	  0.271413	  0.075195
 3.6126	  6.5256	  0.270872	  0.074979
 3.6158	  6.5372	  0.270335	  0.074764
 3.6190	  6.5487	  0.269802	  0.074551
 3.6222	  6.5602	  0.269273	  0.074339
 3.6254	  6.5717	  0.268748	  0.074130
 3.6285	  6.5831	  0.268228	  0.073922
 3.6317	  6.5945	  0.267711	  0.073715
 3.6348	  6.6059	  0.267198	  0.073511
 3.6379	  6.6173	  0.266689	  0.073308
 3.6410	  6.6286	  0.266184	  0.073107
 3.6441	  6.6398	  0.265683	  0.072907
 3.6472	  6.6511	  0.265185	  0.072709
 3.6503	  6.6623	  0.264691	  0.072513
 3.6533	  6.6734	  0.264201	  0.072318
 3.6564	  6.6846	  0.263715	  0.072125
 3.6594	  6.6957	  0.263232	  0.071933
 3.6624	  6.7067	  0.262753	  0.071743
 3.6655	  6.7178	  0.262278	  0.071554
 3.6685	  6.7288	  0.261806	  0.071367
 3.6714	  6.7397	  0.261338	  0.071181
 3.6744	  6.7507	  0.260873	  0.070997
 3.6774	  6.7615	  0.260412	  0.070815
 3.6803	  6.7724	  0.259954	  0.070633
 3.6833	  6.7832	  0.259499	  0.070454
 3.6862	  6.7940	  0.259048	  0.070275
 3.6891	  6.8048	  0.258601	  0.070098
 3.6920	  6.8155	  0.258156	  0.069923
 3.6949	  6.8262	  0.257715	  0.069749
 3.6978	  6.8368	  0.257278	  0.069576
 3.7007	  6.8474	  0.256843	  0.069405
 3.7035	  6.8580	  0.256412	  0.069235
 3.7064	  6.8686	  0.255984	  0.069066
 3.7092	  6.8791	  0.255559	  0.068899
 3.7120	  6.8895	  0.255137	  0.068733
 3.7148	  6.9000	  0.254719	  0.068568
 3.7176	  6.9104	  0.254303	  0.068405
 3.7204	  6.9208	  0.253891	  0.068242
 3.7232	  6.9311	  0.253481	  0.068082
 3.7260	  6.9414	  0.253075	  0.067922
 3.7287	  6.9517	  0.252672	  0.067764
 3.7315	  6.9619	  0.252271	  0.067607
 3.7342	  6.9721	  0.251874	  0.067451
 3.7369	  6.9822	  0.251479	  0.067296
 3.7396	  6.9924	  0.251088	  0.067143
 3.7423	  7.0025	  0.250699	  0.066990
 3.7450	  7.0125	  0.250313	  0.066839
 3.7477	  7.0225	  0.249930	  0.066689
 3.7503	  7.0325	  0.249550	  0.066541
 3.7530	  7.0425	  0.249172	  0.066393
 3.7556	  7.0524	  0.248798	  0.066247
 3.7583	  7.0622	  0.248426	  0.066101
 3.7609	  7.0721	  0.248056	  0.065957
 3.7635	  7.0819	  0.247690	  0.065814
 3.7661	  7.0917	  0.247326	  0.065672
 3.7687	  7.1014	  0.246965	  0.065531
 3.7712	  7.1111	  0.246606	  0.065391
 3.7738	  7.1208	  0.246250	  0.065253
 3.7763	  7.1304	  0.245897	  0.065115
 3.7789	  7.1400	  0.245546	  0.064978
 3.7814	  7.1496	  0.245198	  0.064843
 3.7839	  7.1591	  0.244852	  0.064708
 3.7864	  7.1686	  0.244508	  0.064575
 3.7889	  7.1780	  0.244168	  0.064442
 3.7914	  7.1875	  0.243829	  0.064311
 3.7939	  7.1968	  0.243493	  0.064180
 3.7964	  7.2062	  0.243160	  0.064051
 3.7988	  7.2155	  0.242829	  0.063922
 3.8013	  7.2248	  0.242500	  0.063795
 3.8037	  7.2340	  0.242174	  0.063668
 3.8061	  7.2432	  0.241850	  0.063542
 3.8085	  7.2524	  0.241528	  0.063418
 3.8109	  7.2616	  0.241209	  0.063294
 3.8133	  7.2707	  0.240892	  0.063171
 3.8157	  7.2797	  0.240577	  0.063049
 3.8181	  7.2888	  0.240264	  0.062928
 3.8204	  7.2978	  0.239954	  0.062808
 3.8228	  7.3068	  0.239646	  0.062689
 3.8251	  7.3157	  0.239340	  0.062571
 3.8274	  7.3246	  0.239036	  0.062454
 3.8297	  7.3335	  0.238735	  0.062337
 3.8320	  7.3423	  0.238436	  0.062221
 3.8343	  7.3511	  0.238138	  0.062107
 3.8366	  7.3598	  0.237843	  0.061993
 3.8389	  7.3686	  0.237550	  0.061880
 3.8412	  7.3773	  0.237259	  0.061768
 3.8434	  7.3859	  0.236970	  0.061656
 3.8457	  7.3945	  0.236683	  0.061546
 3.8479	  7.4031	  0.236399	  0.061436
 3.8501	  7.4117	  0.236116	  0.061327
 3.8523	  7.4202	  0.235835	  0.061219
 3.8545	  7.4287	  0.235556	  0.061111
 3.8567	  7.4372	  0.235279	  0.061005
 3.8589	  7.4456	  0.235004	  0.060899
 3.8611	  7.4540	  0.234731	  0.060794
 3.8632	  7.4623	  0.234460	  0.060690
 3.8654	  7.4706	  0.234191	  0.060587
 3.8675	  7.4789	  0.233924	  0.060484
 3.8697	  7.4872	  0.233659	  0.060382
 3.8718	  7.4954	  0.233395	  0.060281
 3.8739	  7.5036	  0.233133	  0.060180
 3.8760	  7.5117	  0.232874	  0.060081
 3.8781	  7.5198	  0.232616	  0.059982
 3.8802	  7.5279	  0.232359	  0.059883
 3.8823	  7.5360	  0.232105	  0.059786
 3.8843	  7.5440	  0.231852	  0.059689
 3.8864	  7.5520	  0.231601	  0.059593
 3.8884	  7.5599	  0.231352	  0.059498
 3.8905	  7.5679	  0.231105	  0.059403
 3.8925	  7.5757	  0.230859	  0.059309
 3.8945	  7.5836	  0.230615	  0.059215
 3.8965	  7.5914	  0.230373	  0.059123
 3.8985	  7.5992	  0.230132	  0.059031
 3.9005	  7.6070	  0.229893	  0.058939
 3.9025	  7.6147	  0.229656	  0.058849
 3.9045	  7.6224	  0.229420	  0.058759
 3.9064	  7.6300	  0.229187	  0.058669
 3.9084	  7.6377	  0.228954	  0.058581
 3.9103	  7.6452	  0.228723	  0.058492
 3.9122	  7.6528	  0.228494	  0.058405
 3.9142	  7.6603	  0.228267	  0.058318
 3.9161	  7.6678	  0.228041	  0.058232
 3.9180	  7.6753	  0.227816	  0.058146
 3.9199	  7.6827	  0.227593	  0.058061
 3.9218	  7.6901	  0.227372	  0.057977
 3.9236	  7.6975	  0.227152	  0.057893
 3.9255	  7.7048	  0.226934	  0.057810
 3.9274	  7.7121	  0.226717	  0.057727
 3.9292	  7.7194	  0.226501	  0.057645
 3.9311	  7.7267	  0.226287	  0.057564
 3.9329	  7.7339	  0.226075	  0.057483
 3.9347	  7.7410	  0.225864	  0.057403
 3.9365	  7.7482	  0.225655	  0.057323
 3.9384	  7.7553	  0.225447	  0.057244
 3.9402	  7.7624	  0.225240	  0.057165
 3.9419	  7.7695	  0.225035	  0.057087
 3.9437	  7.7765	  0.224831	  0.057010
 3.9455	  7.7835	  0.224628	  0.056933
 3.9473	  7.7904	  0.224427	  0.056856
 3.9490	  7.7974	  0.224227	  0.056781
 3.9508	  7.8043	  0.224029	  0.056705
 3.9525	  7.8111	  0.223832	  0.056630
 3.9542	  7.8180	  0.223636	  0.056556
 3.9560	  7.8248	  0.223442	  0.056482
 3.9577	  7.8316	  0.223249	  0.056409
 3.9594	  7.8383	  0.223057	  0.056337
 3.9611	  7.8450	  0.222867	  0.056264
 3.9628	  7.8517	  0.222678	  0.056193
 3.9644	  7.8584	  0.222490	  0.056121
 3.9661	  7.8650	  0.222303	  0.056051
 3.9678	  7.8716	  0.222118	  0.055980
 3.9694	  7.8782	  0.221934	  0.055911
 3.9711	  7.8847	  0.221751	  0.055842
 3.9727	  7.8912	  0.221569	  0.055773
 3.9743	  7.8977	  0.221389	  0.055704
 3.9760	  7.9042	  0.221210	  0.055637
 3.9776	  7.9106	  0.221032	  0.055569
 3.9792	  7.9170	  0.220855	  0.055502
 3.9808	  7.9233	  0.220679	  0.055436
 3.9824	  7.9297	  0.220505	  0.055370
 3.9840	  7.9360	  0.220332	  0.055305
 3.9855	  7.9423	  0.220160	  0.055240
 3.9871	  7.9485	  0.219989	  0.055175
 3.9887	  7.9547	  0.219819	  0.055111
 3.9902	  7.9609	  0.219650	  0.055047
 3.9918	  7.9671	  0.219483	  0.054984
 3.9933	  7.9732	  0.219316	  0.054921
 3.9948	  7.9793	  0.219151	  0.054859
 3.9964	  7.9854	  0.218987	  0.054797
 3.9979	  7.9915	  0.218824	  0.054735
 3.9994	  7.9975	  0.218662	  0.054674
 4.0009	  8.0035	  0.218501	  0.054613
 4.0024	  8.0095	  0.218341	  0.054553
 4.0038	  8.0154	  0.218182	  0.054493
 4.0053	  8.0213	  0.218024	  0.054434
 4.0068	  8.0272	  0.217868	  0.054375
 4.0083	  8.0330	  0.217712	  0.054316
 4.0097	  8.0389	  0.217557	  0.054258
 4.0112	  8.0447	  0.217404	  0.054200
 4.0126	  8.0505	  0.217251	  0.054142
 4.0140	  8.0562	  0.217100	  0.054085
 4.0155	  8.0619	  0.216949	  0.054029
 4.0169	  8.0676	  0.216799	  0.053972
 4.0183	  8.0733	  0.216651	  0.053916
 4.0197	  8.0789	  0.216503	  0.053861
 4.0211	  8.0845	  0.216357	  0.053806
 4.0225	  8.0901	  0.216211	  0.053751
 4.0239	  8.0957	  0.216066	  0.053696
 4.0252	  8.1012	  0.215922	  0.053642
 4.0266	  8.1067	  0.215780	  0.053589
 4.0280	  8.1122	  0.215638	  0.053535
 4.0293	  8.1177	  0.215497	  0.053482
 4.0307	  8.1231	  0.215357	  0.053430
 4.0320	  8.1285	  0.215217	  0.053377
 4.0333	  8.1339	  0.215079	  0.053325
 4.0347	  8.1392	  0.214942	  0.053274
 4.0360	  8.1446	  0.214806	  0.053223
 4.0373	  8.1499	  0.214670	  0.053172
 4.0386	  8.1551	  0.214535	  0.053121
 4.0399	  8.1604	  0.214402	  0.053071
 4.0412	  8.1656	  0.214269	  0.053021
 4.0425	  8.1708	  0.214137	  0.052972
 4.0438	  8.1760	  0.214006	  0.052922
 4.0450	  8.1811	  0.213875	  0.052874
 4.0463	  8.1863	  0.213746	  0.052825
 4.0476	  8.1914	  0.213617	  0.052777
 4.0488	  8.1965	  0.213490	  0.052729
 4.0501	  8.2015	  0.213363	  0.052681
 4.0513	  8.2065	  0.213237	  0.052634
 4.0525	  8.2115	  0.213111	  0.052587
 4.0538	  8.2165	  0.212987	  0.052541
 4.0550	  8.2215	  0.212863	  0.052494
 4.0562	  8.2264	  0.212740	  0.052448
 4.0574	  8.2313	  0.212618	  0.052402
 4.0586	  8.2362	  0.212497	  0.052357
 4.0598	  8.2410	  0.212377	  0.052312
 4.0610	  8.2459	  0.212257	  0.052267
 4.0622	  8.2507	  0.212138	  0.052223
 4.0634	  8.2555	  0.212020	  0.052178
 4.0645	  8.2602	  0.211902	  0.052134
 4.0657	  8.2650	  0.211786	  0.052091
 4.0669	  8.2697	  0.211670	  0.052047
 4.0680	  8.2744	  0.211555	  0.052004
 4.0692	  8.2791	  0.211440	  0.051962
 4.0703	  8.2837	  0.211327	  0.051919
 4.0714	  8.2883	  0.211214	  0.051877
 4.0726	  8.2929	  0.211101	  0.051835
 4.0737	  8.2975	  0.210990	  0.051793
 4.0748	  8.3021	  0.210879	  0.051752
 4.0759	  8.3066	  0.210769	  0.051711
 4.0770	  8.3111	  0.210660	  0.051670
 4.0781	  8.3156	  0.210551	  0.051629
 4.0792	  8.3201	  0.210443	  0.051589
 4.0803	  8.3245	  0.210336	  0.051549
 4.0814	  8.3290	  0.210229	  0.051509
 4.0825	  8.3334	  0.210124	  0.051469
 4.0836	  8.3377	  0.210018	  0.051430
 4.0846	  8.3421	  0.209914	  0.051391
 4.0857	  8.3464	  0.209810	  0.051352
 4.0867	  8.3508	  0.209707	  0.051314
 4.0878	  8.3550	  0.209604	  0.051276
 4.0888	  8.3593	  0.209502	  0.051238
 4.0899	  8.3636	  0.209401	  0.051200
 4.0909	  8.3678	  0.209300	  0.051162
 4.0919	  8.3720	  0.209200	  0.051125
 4.0930	  8.3762	  0.209101	  0.051088
 4.0940	  8.3804	  0.209002	  0.051051
 4.0950	  8.3845	  0.208904	  0.051015
 4.0960	  8.3886	  0.208807	  0.050978
 4.0970	  8.3927	  0.208710	  0.050942
 4.0980	  8.3968	  0.208614	  0.050906
 4.0990	  8.4009	  0.208518	  0.050871
 4.1000	  8.4049	  0.208423	  0.050835
 4.1010	  8.4089	  0.208329	  0.050800
 4.1019	  8.4129	  0.208235	  0.050765
 4.1029	  8.4169	  0.208142	  0.050730
 4.1039	  8.4209	  0.208049	  0.050696
 4.1048	  8.4248	  0.207957	  0.050662
 4.1058	  8.4287	  0.207866	  0.050628
 4.1067	  8.4326	  0.207775	  0.050594
 4.1077	  8.4365	  0.207685	  0.050560
 4.1086	  8.4404	  0.207595	  0.050527
 4.1096	  8.4442	  0.207506	  0.050493
 4.1105	  8.4480	  0.207417	  0.050461
 4.1114	  8.4518	  0.207329	  0.050428
 4.1123	  8.4556	  0.207242	  0.050395
 4.1132	  8.4594	  0.207155	  0.050363
 4.1142	  8.4631	  0.207068	  0.050331
 4.1151	  8.4669	  0.206983	  0.050299
 4.1160	  8.4706	  0.206897	  0.050267
 4.1169	  8.4742	  0.206813	  0.050236
 4.1177	  8.4779	  0.206728	  0.050204
 4.1186	  8.4816	  0.206645	  0.050173
 4.1195	  8.4852	  0.206562	  0.050142
 4.1204	  8.4888	  0.206479	  0.050111
 4.1213	  8.4924	  0.206397	  0.050081
 4.1221	  8.4960	  0.206315	  0.050051
 4.1230	  8.4995	  0.206234	  0.050020
 4.1239	  8.5031	  0.206153	  0.049991
 4.1247	  8.5066	  0.206073	  0.049961
 4.1256	  8.5101	  0.205994	  0.049931
 4.1264	  8.5136	  0.205915	  0.049902
 4.1272	  8.5170	  0.205836	  0.049873
 4.1281	  8.5205	  0.205758	  0.049844
 4.1289	  8.5239	  0.205680	  0.049815
 4.1297	  8.5273	  0.205603	  0.049786
 4.1306	  8.5307	  0.205527	  0.049758
 4.1314	  8.5341	  0.205450	  0.049729
 4.1322	  8.5375	  0.205375	  0.049701
 4.1330	  8.5408	  0.205300	  0.049673
 4.1338	  8.5441	  0.205225	  0.049646
 4.1346	  8.5474	  0.205150	  0.049618
 4.1354	  8.5507	  0.205077	  0.049591
 4.1362	  8.5540	  0.205003	  0.049563
 4.1370	  8.5573	  0.204931	  0.049536
 4.1378	  8.5605	  0.204858	  0.049509
 4.1385	  8.5637	  0.204786	  0.049483
 4.1393	  8.5669	  0.204714	  0.049456
 4.1401	  8.5701	  0.204643	  0.049430
 4.1408	  8.5733	  0.204573	  0.049404
 4.1416	  8.5765	  0.204502	  0.049378
 4.1424	  8.5796	  0.204433	  0.049352
 4.1431	  8.5827	  0.204363	  0.049326
 4.1439	  8.5858	  0.204294	  0.049300
 4.1446	  8.5889	  0.204226	  0.049275
 4.1454	  8.5920	  0.204158	  0.049250
 4.1461	  8.5950	  0.204090	  0.049225
 4.1468	  8.5981	  0.204023	  0.049200
 4.1476	  8.6011	  0.203956	  0.049175
 4.1483	  8.6041	  0.203890	  0.049150
 4.1490	  8.6071	  0.203824	  0.049126
 4.1497	  8.6101	  0.203758	  0.049102
 4.1504	  8.6131	  0.203693	  0.049077
 4.1511	  8.6160	  0.203628	  0.049053
 4.1519	  8.6189	  0.203564	  0.049030
 4.1526	  8.6219	  0.203500	  0.049006
 4.1533	  8.6248	  0.203436	  0.048982
 4.1540	  8.6277	  0.203373	  0.048959
 4.1546	  8.6305	  0.203310	  0.048936
 4.1553	  8.6334	  0.203248	  0.048913
 4.1560	  8.6362	  0.203186	  0.048890
 4.1567	  8.6390	  0.203124	  0.048867
 4.1574	  8.6419	  0.203063	  0.048844
 4.1580	  8.6447	  0.203002	  0.048822
 4.1587	  8.6474	  0.202941	  0.048799
 4.1594	  8.6502	  0.202881	  0.048777
 4.1600	  8.6530	  0.202821	  0.048755
 4.1607	  8.6557	  0.202762	  0.048733
 4.1614	  8.6584	  0.202703	  0.048711
 4.1620	  8.6611	  0.202644	  0.048689
 4.1626	  8.6638	  0.202586	  0.048668
 4.1633	  8.6665	  0.202528	  0.048646
 4.1639	  8.6692	  0.202471	  0.048625
 4.1646	  8.6718	  0.202413	  0.048604
 4.1652	  8.6745	  0.202357	  0.048583
 4.1658	  8.6771	  0.202300	  0.048562
 4.1665	  8.6797	  0.202243	  0.048541
 4.1671	  8.6823	  0.202188	  0.048520
 4.1677	  8.6849	  0.202132	  0.048500
 4.1683	  8.6874	  0.202077	  0.048479
 4.1689	  8.6900	  0.202022	  0.048459
 4.1695	  8.6925	  0.201968	  0.048439
 4.1701	  8.6951	  0.201914	  0.048419
 4.1707	  8.6976	  0.201860	  0.048399
 4.1713	  8.7001	  0.201806	  0.048379
 4.1719	  8.7026	  0.201753	  0.048359
 4.1725	  8.7050	  0.201700	  0.048340
 4.1731	  8.7075	  0.201648	  0.048320
 4.1737	  8.7099	  0.201595	  0.048301
 4.1743	  8.7124	  0.201544	  0.048282
 4.1749	  8.7148	  0.201492	  0.048263
 4.1755	  8.7172	  0.201441	  0.048244
 4.1760	  8.7196	  0.201390	  0.048225
 4.1766	  8.7220	  0.201339	  0.048207
 4.1772	  8.7244	  0.201289	  0.048188
 4.1777	  8.7267	  0.201239	  0.048169
 4.1783	  8.7291	  0.201189	  0.048151
 4.1789	  8.7314	  0.201139	  0.048133
 4.1794	  8.7337	  0.201090	  0.048115
 4.1800	  8.7360	  0.201042	  0.048097
 4.1805	  8.7383	  0.200993	  0.048079
 4.1811	  8.7406	  0.200945	  0.048061
 4.1816	  8.7429	  0.200896	  0.048043
 4.1821	  8.7451	  0.200849	  0.048026
 4.1827	  8.7474	  0.200802	  0.048008
 4.1832	  8.7496	  0.200755	  0.047991
 4.1837	  8.7518	  0.200708	  0.047973
 4.1843	  8.7540	  0.200662	  0.047956
 4.1848	  8.7562	  0.200615	  0.047939
 4.1853	  8.7584	  0.200570	  0.047922
 4.1858	  8.7606	  0.200524	  0.047905
 4.1864	  8.7628	  0.200478	  0.047889
 4.1869	  8.7649	  0.200433	  0.047872
 4.1874	  8.7671	  0.200389	  0.047855
 4.1879	  8.7692	  0.200344	  0.047839
 4.1884	  8.7713	  0.200299	  0.047823
 4.1889	  8.7734	  0.200255	  0.047806
 4.1894	  8.7755	  0.200212	  0.047790
 4.1899	  8.7776	  0.200168	  0.047774
 4.1904	  8.7797	  0.200125	  0.047758
 4.1909	  8.7817	  0.200082	  0.047742
 4.1914	  8.7838	  0.200039	  0.047727
 4.1918	  8.7858	  0.199997	  0.047711
 4.1923	  8.7878	  0.199955	  0.047695
 4.1928	  8.7898	  0.199913	  0.047680
 4.1933	  8.7918	  0.199871	  0.047664
 4.1938	  8.7938	  0.199830	  0.047649
 4.1942	  8.7958	  0.199788	  0.047634
 4.1947	  8.7978	  0.199748	  0.047619
 4.1952	  8.7998	  0.199707	  0.047604
 4.1956	  8.8017	  0.199666	  0.047589
 4.1961	  8.8036	  0.199626	  0.047574
 4.1966	  8.8056	  0.199586	  0.047559
 4.1970	  8.8075	  0.199547	  0.047545
 4.1975	  8.8094	  0.199507	  0.047530
 4.1979	  8.8113	  0.199467	  0.047516
 4.1984	  8.8132	  0.199429	  0.047501
 4.1988	  8.8151	  0.199390	  0.047487
 4.1993	  8.8169	  0.199352	  0.047473
 4.1997	  8.8188	  0.199313	  0.047459
 4.2002	  8.8206	  0.199275	  0.047445
 4.2006	  8.8225	  0.199237	  0.047431
 4.2010	  8.8243	  0.199200	  0.047417
 4.2015	  8.8261	  0.199162	  0.047403
 4.2019	  8.8279	  0.199125	  0.047389
 4.2023	  8.8297	  0.199088	  0.047376
 4.2027	  8.8315	  0.199052	  0.047362
 4.2032	  8.8333	  0.199015	  0.047349
 4.2036	  8.8351	  0.198979	  0.047335
 4.2040	  8.8368	  0.198942	  0.047322
 4.2044	  8.8386	  0.198907	  0.047309
 4.2048	  8.8403	  0.198871	  0.047296
 4.2052	  8.8420	  0.198835	  0.047283
 4.2057	  8.8438	  0.198800	  0.047270
 4.2061	  8.8455	  0.198765	  0.047257
 4.2065	  8.8472	  0.198731	  0.047244
 4.2069	  8.8489	  0.198696	  0.047231
 4.2073	  8.8506	  0.198661	  0.047219
 4.2077	  8.8522	  0.198627	  0.047206
 4.2081	  8.8539	  0.198594	  0.047194
 4.2085	  8.8555	  0.198560	  0.047181
 4.2088	  8.8572	  0.198526	  0.047169
 4.2092	  8.8588	  0.198493	  0.047156
 4.2096	  8.8605	  0.198460	  0.047144
 4.2100	  8.8621	  0.198427	  0.047132
 4.2104	  8.8637	  0.198394	  0.047120
 4.2108	  8.8653	  0.198361	  0.047108
 4.2111	  8.8669	  0.198329	  0.047096
 4.2115	  8.8685	  0.198297	  0.047084
 4.2119	  8.8700	  0.198264	  0.047072
 4.2123	  8.8716	  0.198234	  0.047061
 4.2126	  8.8732	  0.198202	  0.047049
 4.2130	  8.8747	  0.198170	  0.047038
 4.2134	  8.8763	  0.198138	  0.047026
 4.2137	  8.8778	  0.198107	  0.047015
 4.2141	  8.8793	  0.198077	  0.047003
 4.2145	  8.8808	  0.198046	  0.046992
 4.2148	  8.8823	  0.198016	  0.046981
 4.2152	  8.8838	  0.197985	  0.046970
 4.2155	  8.8853	  0.197955	  0.046959
 4.2159	  8.8868	  0.197925	  0.046947
 4.2162	  8.8883	  0.197895	  0.046937
 4.2166	  8.8898	  0.197866	  0.046926
 4.2169	  8.8912	  0.197836	  0.046915
 4.2173	  8.8927	  0.197808	  0.046904
 4.2176	  8.8941	  0.197778	  0.046893
 4.2179	  8.8955	  0.197749	  0.046883
 4.2183	  8.8970	  0.197720	  0.046872
 4.2186	  8.8984	  0.197692	  0.046862
 4.2190	  8.8998	  0.197664	  0.046851
 4.2193	  8.9012	  0.197635	  0.046841
 4.2196	  8.9026	  0.197607	  0.046830
 4.2200	  8.9040	  0.197579	  0.046820
 4.2203	  8.9054	  0.197551	  0.046810
 4.2206	  8.9067	  0.197525	  0.046800
 4.2209	  8.9081	  0.197497	  0.046790
 4.2212	  8.9095	  0.197470	  0.046780
 4.2216	  8.9108	  0.197443	  0.046770
 4.2219	  8.9122	  0.197416	  0.046760
 4.2222	  8.9135	  0.197389	  0.046750
 4.2225	  8.9148	  0.197362	  0.046740
 4.2228	  8.9161	  0.197337	  0.046731
 4.2231	  8.9175	  0.197311	  0.046721
 4.2234	  8.9188	  0.197284	  0.046712
 4.2238	  8.9201	  0.197257	  0.046702
 4.2241	  8.9214	  0.197232	  0.046692
 4.2244	  8.9226	  0.197207	  0.046683
 4.2247	  8.9239	  0.197181	  0.046674
 4.2250	  8.9252	  0.197155	  0.046664
 4.2253	  8.9264	  0.197131	  0.046655
 4.2256	  8.9277	  0.197105	  0.046646
 4.2259	  8.9290	  0.197079	  0.046637
 4.2262	  8.9302	  0.197056	  0.046628
 4.2264	  8.9314	  0.197030	  0.046618
 4.2267	  8.9327	  0.197007	  0.046610
 4.2270	  8.9339	  0.196981	  0.046600
 4.2273	  8.9351	  0.196959	  0.046592
 4.2276	  8.9363	  0.196933	  0.046583
 4.2279	  8.9375	  0.196909	  0.046574
 4.2282	  8.9387	  0.196886	  0.046565
 4.2284	  8.9399	  0.196863	  0.046557
 4.2287	  8.9411	  0.196838	  0.046548
 4.2290	  8.9422	  0.196816	  0.046539
 4.2293	  8.9434	  0.196792	  0.046531
 4.2296	  8.9446	  0.196769	  0.046522
 4.2298	  8.9457	  0.196747	  0.046514
 4.2301	  8.9469	  0.196724	  0.046506
 4.2304	  8.9480	  0.196702	  0.046498
 4.2306	  8.9492	  0.196679	  0.046489
 4.2309	  8.9503	  0.196656	  0.046481
 4.2312	  8.9514	  0.196634	  0.046473
 4.2314	  8.9525	  0.196612	  0.046465
 4.2317	  8.9536	  0.196589	  0.046456
 4.2320	  8.9547	  0.196568	  0.046448
 4.2322	  8.9558	  0.196545	  0.046440
 4.2325	  8.9569	  0.196525	  0.046433
 4.2327	  8.9580	  0.196504	  0.046425
 4.2330	  8.9591	  0.196483	  0.046417
 4.2332	  8.9602	  0.196460	  0.046409
 4.2335	  8.9612	  0.196441	  0.046402
 4.2337	  8.9623	  0.196420	  0.046394
 4.2340	  8.9634	  0.196399	  0.046386
 4.2342	  8.9644	  0.196376	  0.046378
 4.2345	  8.9655	  0.196355	  0.046370
 4.2347	  8.9665	  0.196336	  0.046363
 4.2350	  8.9675	  0.196316	  0.046356
 4.2352	  8.9686	  0.196295	  0.046348
 4.2355	  8.9696	  0.196277	  0.046341
 4.2357	  8.9706	  0.196256	  0.046334
 4.2359	  8.9716	  0.196237	  0.046327
 4.2362	  8.9726	  0.196215	  0.046319
 4.2364	  8.9736	  0.196195	  0.046312
 4.2366	  8.9746	  0.196177	  0.046305
 4.2369	  8.9756	  0.196159	  0.046298
 4.2371	  8.9766	  0.196137	  0.046290
 4.2373	  8.9775	  0.196120	  0.046284
 4.2376	  8.9785	  0.196100	  0.046276
 4.2378	  8.9795	  0.196079	  0.046269
 4.2380	  8.9804	  0.196062	  0.046262
 4.2383	  8.9814	  0.196042	  0.046255
 4.2385	  8.9824	  0.196024	  0.046249
 4.2387	  8.9833	  0.196004	  0.046242
 4.2389	  8.9842	  0.195987	  0.046235
 4.2391	  8.9852	  0.195970	  0.046229
 4.2394	  8.9861	  0.195951	  0.046222
 4.2396	  8.9870	  0.195933	  0.046215
 4.2398	  8.9879	  0.195914	  0.046208
 4.2400	  8.9889	  0.195898	  0.046202
 4.2402	  8.9898	  0.195877	  0.046195
 4.2404	  8.9907	  0.195862	  0.046189
 4.2407	  8.9916	  0.195845	  0.046183
 4.2409	  8.9925	  0.195825	  0.046176
 4.2411	  8.9933	  0.195809	  0.046170
 4.2413	  8.9942	  0.195793	  0.046164
 4.2415	  8.9951	  0.195775	  0.046157
 4.2417	  8.9960	  0.195757	  0.046151
 4.2419	  8.9968	  0.195741	  0.046145
 4.2421	  8.9977	  0.195724	  0.046138
 4.2423	  8.9986	  0.195708	  0.046132
 4.2425	  8.9994	  0.195689	  0.046126
 4.2427	  9.0003	  0.195676	  0.046120
 4.2429	  9.0011	  0.195661	  0.046115
 4.2431	  9.0020	  0.195641	  0.046108
 4.2433	  9.0028	  0.195623	  0.046102
 4.2435	  9.0036	  0.195608	  0.046096
 4.2437	  9.0044	  0.195589	  0.046089
 4.2439	  9.0053	  0.195576	  0.046084
 4.2441	  9.0061	  0.195564	  0.046079
 4.2443	  9.0069	  0.195545	  0.046073
 4.2445	  9.0077	  0.195528	  0.046067
 4.2446	  9.0085	  0.195513	  0.046061
 4.2448	  9.0093	  0.195496	  0.046055
 4.2450	  9.0101	  0.195483	  0.046050
 4.2452	  9.0109	  0.195468	  0.046045
 4.2454	  9.0117	  0.195452	  0.046039
 4.2456	  9.0125	  0.195438	  0.046033
 4.2458	  9.0132	  0.195421	  0.046027
 4.2459	  9.0140	  0.195407	  0.046022
 4.2461	  9.0148	  0.195392	  0.046017
 4.2463	  9.0155	  0.195373	  0.046010
 4.2465	  9.0163	  0.195366	  0.046007
 4.2467	  9.0170	  0.195346	  0.046000
 4.2468	  9.0178	  0.195333	  0.045995
 4.2470	  9.0185	  0.195322	  0.045990
 4.2472	  9.0193	  0.195307	  0.045985
 4.2474	  9.0200	  0.195293	  0.045980
 4.2475	  9.0207	  0.195276	  0.045974
 4.2477	  9.0215	  0.195260	  0.045969
 4.2479	  9.0222	  0.195245	  0.045963
 4.2480	  9.0229	  0.195236	  0.045959
 4.2482	  9.0236	  0.195219	  0.045953
 4.2484	  9.0244	  0.195205	  0.045948
 4.2485	  9.0251	  0.195194	  0.045944
 4.2487	  9.0258	  0.195179	  0.045938
 4.2489	  9.0265	  0.195163	  0.045933
 4.2490	  9.0272	  0.195153	  0.045929
 4.2492	  9.0279	  0.195138	  0.045924
 4.2494	  9.0285	  0.195124	  0.045918
 4.2495	  9.0292	  0.195112	  0.045914
 4.2497	  9.0299	  0.195099	  0.045909
 4.2498	  9.0306	  0.195087	  0.045904
 4.2500	  9.0313	  0.195069	  0.045899
 4.2502	  9.0319	  0.195062	  0.045895
 4.2503	  9.0326	  0.195048	  0.045890
 4.2505	  9.0333	  0.195032	  0.045885
 4.2506	  9.0339	  0.195018	  0.045880
 4.2508	  9.0346	  0.195003	  0.045875
 4.2509	  9.0352	  0.194994	  0.045871
 4.2511	  9.0359	  0.194983	  0.045867
 4.2512	  9.0365	  0.194971	  0.045862
 4.2514	  9.0372	  0.194957	  0.045857
 4.2515	  9.0378	  0.194943	  0.045852
 4.2517	  9.0384	  0.194934	  0.045849
